MEME version 5
ALPHABET= ACGT
strands: +
Background letter frequencies
A 0.29 C 0.21 G 0.21 T 0.29
MOTIF metacluster_0pattern_0
letter-probability matrix: alength= 4 w= 10 E= 0
0.3568922305764411 0.19097744360902255 0.24110275689223057 0.21102756892230576
0.30526315789473685 0.17794486215538846 0.3804511278195489 0.13634085213032582
0.5022556390977444 0.21002506265664161 0.08721804511278196 0.20050125313283207
0.08521303258145363 0.0761904761904762 0.7403508771929824 0.09824561403508772
0.7538847117794486 0.07318295739348371 0.033583959899749376 0.1393483709273183
0.02305764411027569 0.012030075187969926 0.9408521303258145 0.02406015037593985
0.6802005012531328 0.09924812030075188 0.03308270676691729 0.187468671679198
0.04962406015037594 0.019548872180451128 0.9177944862155388 0.013032581453634085
0.3192982456140351 0.4355889724310777 0.08471177944862156 0.16040100250626566
0.23809523809523808 0.1493734335839599 0.42907268170426066 0.18345864661654135
MOTIF metacluster_0pattern_1
letter-probability matrix: alength= 4 w= 10 E= 0
0.5365198711063373 0.08539205155746508 0.19172932330827067 0.18635875402792695
0.11976369495166488 0.20354457572502685 0.14554242749731472 0.5311493018259935
0.03705692803437164 0.9253490870032224 0.005907626208378088 0.03168635875402793
0.01611170784103115 0.015574650912996778 0.943609022556391 0.024704618689581095
0.7400644468313641 0.07518796992481203 0.11063372717508056 0.07411385606874328
0.04618689581095596 0.04618689581095596 0.025241675617615467 0.8823845327604726
0.7056928034371643 0.06713211600429646 0.08431793770139635 0.14285714285714285
0.3297529538131042 0.1288936627282492 0.3651987110633727 0.1761546723952739
0.2534908700322234 0.3157894736842105 0.19011815252416756 0.24060150375939848
0.28517722878625135 0.19548872180451127 0.1611170784103115 0.3582169709989259
MOTIF metacluster_0pattern_2
letter-probability matrix: alength= 4 w= 10 E= 0
0.19261213720316622 0.16886543535620052 0.19525065963060687 0.44327176781002636
0.07717678100263853 0.05474934036939314 0.048812664907651716 0.8192612137203166
0.07321899736147758 0.017150395778364115 0.8555408970976254 0.05408970976253298
0.07189973614775726 0.06728232189973615 0.08113456464379948 0.7796833773087071
0.05672823218997362 0.011873350923482849 0.02308707124010554 0.908311345646438
0.2091029023746702 0.10949868073878628 0.1391820580474934 0.5422163588390502
0.18601583113456466 0.195910290237467 0.11147757255936676 0.5065963060686016
0.22427440633245382 0.2757255936675462 0.1945910290237467 0.3054089709762533
0.28034300791556727 0.23087071240105542 0.16094986807387862 0.32783641160949867
0.3390501319261214 0.17612137203166228 0.1517150395778364 0.33311345646437995
MOTIF metacluster_0pattern_3
letter-probability matrix: alength= 4 w= 10 E= 0
0.23440860215053763 0.4021505376344086 0.14623655913978495 0.2172043010752688
0.5010752688172043 0.16989247311827957 0.13333333333333333 0.1956989247311828
0.267741935483871 0.09462365591397849 0.37526881720430105 0.2623655913978495
0.5053763440860215 0.24838709677419354 0.11397849462365592 0.13225806451612904
0.09032258064516129 0.01935483870967742 0.8505376344086022 0.03978494623655914
0.024731182795698924 0.9268817204301075 0.013978494623655914 0.034408602150537634
0.07204301075268817 0.08064516129032258 0.03118279569892473 0.8161290322580645
0.025806451612903226 0.00967741935483871 0.9473118279569892 0.017204301075268817
0.24946236559139784 0.25161290322580643 0.16989247311827957 0.32903225806451614
0.12580645161290321 0.14193548387096774 0.06774193548387097 0.6645161290322581
MOTIF metacluster_0pattern_4
letter-probability matrix: alength= 4 w= 10 E= 0
0.02847380410022779 0.8143507972665148 0.02733485193621868 0.12984054669703873
0.7938496583143508 0.06492027334851937 0.06378132118451026 0.0774487471526196
0.0056947608200455585 0.02050113895216401 0.9658314350797267 0.007972665148063782
0.03758542141230068 0.02619589977220957 0.00683371298405467 0.929384965831435
0.07403189066059225 0.04441913439635535 0.8542141230068337 0.02733485193621868
0.19817767653758542 0.19134396355353075 0.08769931662870159 0.5227790432801822
0.214123006833713 0.10136674259681093 0.19134396355353075 0.49316628701594534
0.23462414578587698 0.07972665148063782 0.4533029612756264 0.23234624145785876
0.224373576309795 0.3621867881548975 0.17198177676537585 0.24145785876993167
0.30182232346241455 0.27904328018223234 0.17425968109339407 0.244874715261959
MOTIF metacluster_0pattern_5
letter-probability matrix: alength= 4 w= 10 E= 0
0.25120772946859904 0.35507246376811596 0.12077294685990338 0.27294685990338163
0.4891304347826087 0.15096618357487923 0.21739130434782608 0.14251207729468598
0.16666666666666666 0.12318840579710146 0.6400966183574879 0.07004830917874397
0.16304347826086957 0.1751207729468599 0.0640096618357488 0.5978260869565217
0.12198067632850242 0.06159420289855073 0.7801932367149759 0.036231884057971016
0.0640096618357488 0.04106280193236715 0.010869565217391304 0.8840579710144928
0.0748792270531401 0.11352657004830918 0.711352657004831 0.10024154589371981
0.9396135265700483 0.018115942028985508 0.028985507246376812 0.013285024154589372
0.03260869565217391 0.8997584541062802 0.026570048309178744 0.04106280193236715
0.10748792270531402 0.4867149758454106 0.16908212560386474 0.23671497584541062
MOTIF metacluster_0pattern_6
letter-probability matrix: alength= 4 w= 10 E= 0
0.09232769830949285 0.7048114434330299 0.0247074122236671 0.17815344603381014
0.07802340702210664 0.015604681404421327 0.8738621586475943 0.032509752925877766
0.32249674902470743 0.21326397919375814 0.1599479843953186 0.30429128738621586
0.013003901170351105 0.9674902470741222 0.0 0.01950585175552666
0.011703511053315995 0.0 0.976592977893368 0.011703511053315995
0.46293888166449937 0.1976592977893368 0.06762028608582575 0.2717815344603381
0.12093628088426528 0.3706111833550065 0.09362808842652796 0.41482444733420026
0.41612483745123535 0.11443433029908973 0.21976592977893367 0.24967490247074123
0.26918075422626786 0.14304291287386217 0.3862158647594278 0.20156046814044212
0.23146944083224968 0.34980494148244473 0.1599479843953186 0.258777633289987
MOTIF metacluster_0pattern_7
letter-probability matrix: alength= 4 w= 10 E= 0
0.3527777777777778 0.1986111111111111 0.2722222222222222 0.1763888888888889
0.4097222222222222 0.22777777777777777 0.15138888888888888 0.2111111111111111
0.034722222222222224 0.8930555555555556 0.025 0.04722222222222222
0.9069444444444444 0.015277777777777777 0.05555555555555555 0.022222222222222223
0.029166666666666667 0.016666666666666666 0.9055555555555556 0.04861111111111111
0.034722222222222224 0.9152777777777777 0.015277777777777777 0.034722222222222224
0.008333333333333333 0.04583333333333333 0.009722222222222222 0.9361111111111111
0.027777777777777776 0.006944444444444444 0.9472222222222222 0.018055555555555554
0.3972222222222222 0.16805555555555557 0.1986111111111111 0.2361111111111111
0.17777777777777778 0.2111111111111111 0.10138888888888889 0.5097222222222222
MOTIF metacluster_0pattern_8
letter-probability matrix: alength= 4 w= 10 E= 0
0.2959770114942529 0.1882183908045977 0.30603448275862066 0.20977011494252873
0.367816091954023 0.25862068965517243 0.1336206896551724 0.23994252873563218
0.16091954022988506 0.1867816091954023 0.46839080459770116 0.1839080459770115
0.4482758620689655 0.2557471264367816 0.09626436781609195 0.1997126436781609
0.03879310344827586 0.01867816091954023 0.9224137931034483 0.020114942528735632
0.021551724137931036 0.8922413793103449 0.022988505747126436 0.06321839080459771
0.04885057471264368 0.017241379310344827 0.9181034482758621 0.015804597701149427
0.09195402298850575 0.8218390804597702 0.028735632183908046 0.05747126436781609
0.27586206896551724 0.20689655172413793 0.3563218390804598 0.16091954022988506
0.3735632183908046 0.1939655172413793 0.2471264367816092 0.1853448275862069
MOTIF metacluster_0pattern_9
letter-probability matrix: alength= 4 w= 10 E= 0
0.2903225806451613 0.36129032258064514 0.13548387096774195 0.2129032258064516
0.5338709677419354 0.12580645161290321 0.12580645161290321 0.21451612903225806
0.4161290322580645 0.24516129032258063 0.20161290322580644 0.13709677419354838
0.782258064516129 0.03225806451612903 0.056451612903225805 0.12903225806451613
0.0016129032258064516 0.0032258064516129032 0.9887096774193549 0.0064516129032258064
0.00967741935483871 0.9774193548387097 0.0032258064516129032 0.00967741935483871
0.06451612903225806 0.03870967741935484 0.0064516129032258064 0.8903225806451613
0.2854838709677419 0.13064516129032258 0.10806451612903226 0.47580645161290325
0.2854838709677419 0.07741935483870968 0.17419354838709677 0.4629032258064516
0.22903225806451613 0.22419354838709676 0.15806451612903225 0.38870967741935486
MOTIF metacluster_0pattern_10
letter-probability matrix: alength= 4 w= 10 E= 0
0.265139116202946 0.4386252045826514 0.15711947626841244 0.13911620294599017
0.5253682487725041 0.11620294599018004 0.1407528641571195 0.2176759410801964
0.06546644844517185 0.03436988543371522 0.8870703764320785 0.01309328968903437
0.06873977086743044 0.044189852700491 0.016366612111292964 0.8707037643207856
0.10310965630114566 0.02127659574468085 0.8527004909983633 0.022913256955810146
0.08183306055646482 0.02618657937806874 0.006546644844517185 0.8854337152209493
0.0425531914893617 0.004909983633387889 0.9476268412438625 0.004909983633387889
0.41243862520458263 0.16366612111292964 0.07037643207855974 0.353518821603928
0.43044189852700493 0.09165302782324058 0.31751227495908346 0.16039279869067102
0.2553191489361702 0.29132569558101473 0.14566284779050737 0.3076923076923077
MOTIF metacluster_0pattern_11
letter-probability matrix: alength= 4 w= 10 E= 0
0.12151067323481117 0.07717569786535304 0.04433497536945813 0.7569786535303776
0.6141215106732348 0.013136288998357963 0.2676518883415435 0.10509031198686371
0.1625615763546798 0.034482758620689655 0.03940886699507389 0.7635467980295566
0.05747126436781609 0.0049261083743842365 0.016420361247947456 0.9211822660098522
0.03776683087027915 0.024630541871921183 0.016420361247947456 0.9211822660098522
0.2939244663382594 0.08538587848932677 0.08538587848932677 0.535303776683087
0.39901477832512317 0.16748768472906403 0.08210180623973727 0.35139573070607555
0.5435139573070608 0.13628899835796388 0.10673234811165845 0.2134646962233169
0.4072249589490969 0.13464696223316913 0.1510673234811166 0.3070607553366174
0.4187192118226601 0.13464696223316913 0.12151067323481117 0.3251231527093596
MOTIF metacluster_0pattern_12
letter-probability matrix: alength= 4 w= 10 E= 0
0.445578231292517 0.2227891156462585 0.11734693877551021 0.21428571428571427
0.4489795918367347 0.12244897959183673 0.18537414965986396 0.24319727891156462
0.04421768707482993 0.8707482993197279 0.027210884353741496 0.05782312925170068
0.7653061224489796 0.061224489795918366 0.14625850340136054 0.027210884353741496
0.37244897959183676 0.0935374149659864 0.33163265306122447 0.20238095238095238
0.10884353741496598 0.6445578231292517 0.08503401360544217 0.16156462585034015
0.034013605442176874 0.08333333333333333 0.02040816326530612 0.8622448979591837
0.022108843537414966 0.0 0.9761904761904762 0.0017006802721088435
0.1683673469387755 0.25510204081632654 0.19047619047619047 0.38605442176870747
0.09523809523809523 0.05952380952380952 0.047619047619047616 0.7976190476190477
MOTIF metacluster_0pattern_13
letter-probability matrix: alength= 4 w= 10 E= 0
0.01893939393939394 0.011363636363636364 0.0 0.9696969696969697
0.8636363636363636 0.030303030303030304 0.03409090909090909 0.07196969696969698
0.0625 0.18371212121212122 0.043560606060606064 0.7102272727272727
0.19886363636363635 0.026515151515151516 0.10037878787878787 0.6742424242424242
0.11174242424242424 0.14583333333333334 0.03977272727272727 0.7026515151515151
0.3125 0.10984848484848485 0.11742424242424243 0.4602272727272727
0.25 0.3465909090909091 0.11363636363636363 0.2897727272727273
0.3068181818181818 0.2518939393939394 0.1590909090909091 0.2821969696969697
0.4185606060606061 0.1553030303030303 0.1590909090909091 0.26704545454545453
0.2518939393939394 0.1875 0.23674242424242425 0.32386363636363635
MOTIF metacluster_0pattern_14
letter-probability matrix: alength= 4 w= 10 E= 0
0.09362549800796813 0.701195219123506 0.08366533864541832 0.12151394422310757
0.7370517928286853 0.06573705179282868 0.09362549800796813 0.10358565737051793
0.2868525896414343 0.5099601593625498 0.099601593625498 0.10358565737051793
0.08366533864541832 0.07768924302788845 0.061752988047808766 0.7768924302788844
0.00796812749003984 0.00597609561752988 0.9860557768924303 0.0
0.10358565737051793 0.0199203187250996 0.013944223107569721 0.8625498007968128
0.23904382470119523 0.053784860557768925 0.30876494023904383 0.398406374501992
0.5517928286852589 0.12151394422310757 0.09362549800796813 0.23306772908366533
0.30876494023904383 0.34462151394422313 0.14940239043824702 0.19721115537848605
0.250996015936255 0.3386454183266932 0.18326693227091634 0.22709163346613545
MOTIF metacluster_0pattern_15
letter-probability matrix: alength= 4 w= 10 E= 0
0.08137044967880086 0.06638115631691649 0.04925053533190578 0.8029978586723768
0.0728051391862955 0.004282655246252677 0.8865096359743041 0.03640256959314775
0.14132762312633834 0.03854389721627409 0.014989293361884369 0.8051391862955032
0.7301927194860813 0.017130620985010708 0.07066381156316917 0.18201284796573874
0.1284796573875803 0.28693790149892934 0.019271948608137045 0.5653104925053534
0.4817987152034261 0.07922912205567452 0.13062098501070663 0.3083511777301927
0.18843683083511778 0.24197002141327623 0.12419700214132762 0.44539614561027835
0.4411134903640257 0.12633832976445397 0.139186295503212 0.29336188436830835
0.3361884368308351 0.22483940042826553 0.16059957173447537 0.278372591006424
0.3618843683083512 0.1670235546038544 0.1777301927194861 0.29336188436830835
MOTIF metacluster_0pattern_16
letter-probability matrix: alength= 4 w= 10 E= 0
0.3476297968397291 0.30699774266365687 0.16930022573363432 0.17607223476297967
0.33182844243792325 0.14221218961625282 0.33860045146726864 0.1873589164785553
0.16027088036117382 0.37697516930022573 0.23024830699774265 0.2325056433408578
0.3860045146726862 0.16478555304740405 0.07674943566591422 0.3724604966139955
0.013544018058690745 0.009029345372460496 0.9661399548532731 0.011286681715575621
0.417607223476298 0.09932279909706546 0.04288939051918736 0.4401805869074492
0.024830699774266364 0.004514672686230248 0.9548532731376975 0.01580135440180587
0.056433408577878104 0.8826185101580135 0.01805869074492099 0.04288939051918736
0.24153498871331827 0.04740406320541761 0.4672686230248307 0.24379232505643342
0.2618510158013544 0.27313769751693 0.29571106094808125 0.16930022573363432
MOTIF metacluster_0pattern_17
letter-probability matrix: alength= 4 w= 10 E= 0
0.35730858468677495 0.35266821345707655 0.12529002320185614 0.16473317865429235
0.6334106728538283 0.06496519721577726 0.16009280742459397 0.14153132250580047
0.030162412993039442 0.8607888631090487 0.018561484918793503 0.09048723897911833
0.19953596287703015 0.2088167053364269 0.12529002320185614 0.46635730858468677
0.009280742459396751 0.002320185614849188 0.9698375870069605 0.018561484918793503
0.037122969837587005 0.7819025522041764 0.06728538283062645 0.1136890951276102
0.037122969837587005 0.058004640371229696 0.018561484918793503 0.8863109048723898
0.14849187935034802 0.04408352668213457 0.7447795823665894 0.06264501160092807
0.30162412993039445 0.23433874709976799 0.17865429234338748 0.2853828306264501
0.20185614849187936 0.1554524361948956 0.21809744779582366 0.4245939675174014
MOTIF metacluster_0pattern_18
letter-probability matrix: alength= 4 w= 10 E= 0
0.33890214797136037 0.2171837708830549 0.17899761336515513 0.2649164677804296
0.38663484486873506 0.10978520286396182 0.2577565632458234 0.2458233890214797
0.26014319809069214 0.21479713603818615 0.18377088305489261 0.3412887828162291
0.011933174224343675 0.9689737470167065 0.007159904534606206 0.011933174224343675
0.007159904534606206 0.0 0.9618138424821002 0.031026252983293555
0.513126491646778 0.10739856801909307 0.0477326968973747 0.3317422434367542
0.1575178997613365 0.22911694510739858 0.13126491646778043 0.4821002386634845
0.6682577565632458 0.0405727923627685 0.08353221957040573 0.20763723150357996
0.05489260143198091 0.8424821002386634 0.021479713603818614 0.081145584725537
0.26968973747016706 0.1575178997613365 0.36754176610978523 0.2052505966587112
MOTIF metacluster_0pattern_19
letter-probability matrix: alength= 4 w= 10 E= 0
0.24812030075187969 0.2506265664160401 0.23057644110275688 0.2706766917293233
0.40852130325814534 0.08270676691729323 0.2882205513784461 0.22055137844611528
0.5137844611528822 0.17042606516290726 0.12030075187969924 0.19548872180451127
0.0 0.9799498746867168 0.002506265664160401 0.017543859649122806
0.002506265664160401 0.0 0.9874686716791979 0.010025062656641603
0.2807017543859649 0.06265664160401002 0.03508771929824561 0.6215538847117794
0.2982456140350877 0.10776942355889724 0.11278195488721804 0.48120300751879697
0.19047619047619047 0.5363408521303258 0.02756892230576441 0.24561403508771928
0.2656641604010025 0.11779448621553884 0.47368421052631576 0.14285714285714285
0.2706766917293233 0.3082706766917293 0.16791979949874686 0.2531328320802005
MOTIF metacluster_0pattern_20
letter-probability matrix: alength= 4 w= 10 E= 0
0.06442577030812324 0.0700280112044818 0.06442577030812324 0.8011204481792717
0.13445378151260504 0.0028011204481792717 0.7198879551820728 0.14285714285714285
0.16246498599439776 0.08123249299719888 0.08403361344537816 0.6722689075630253
0.26330532212885155 0.008403361344537815 0.06162464985994398 0.6666666666666666
0.6526610644257703 0.008403361344537815 0.0392156862745098 0.29971988795518206
0.6526610644257703 0.05042016806722689 0.0896358543417367 0.20728291316526612
0.31932773109243695 0.10364145658263306 0.04481792717086835 0.5322128851540616
0.226890756302521 0.09523809523809523 0.07282913165266107 0.6050420168067226
0.36694677871148457 0.08403361344537816 0.13445378151260504 0.41456582633053224
0.43977591036414565 0.17647058823529413 0.1484593837535014 0.23529411764705882
MOTIF metacluster_0pattern_21
letter-probability matrix: alength= 4 w= 10 E= 0
0.6457142857142857 0.11142857142857143 0.14857142857142858 0.09428571428571429
0.22857142857142856 0.3657142857142857 0.15714285714285714 0.24857142857142858
0.19428571428571428 0.02857142857142857 0.7542857142857143 0.022857142857142857
0.017142857142857144 0.04285714285714286 0.017142857142857144 0.9228571428571428
0.017142857142857144 0.005714285714285714 0.9628571428571429 0.014285714285714285
0.05714285714285714 0.054285714285714284 0.014285714285714285 0.8742857142857143
0.31142857142857144 0.017142857142857144 0.32 0.3514285714285714
0.30857142857142855 0.15714285714285714 0.22285714285714286 0.31142857142857144
0.28285714285714286 0.38571428571428573 0.16285714285714287 0.16857142857142857
0.29714285714285715 0.2571428571428571 0.19142857142857142 0.2542857142857143
MOTIF metacluster_0pattern_22
letter-probability matrix: alength= 4 w= 10 E= 0
0.21846153846153846 0.37538461538461537 0.24615384615384617 0.16
0.31076923076923074 0.16615384615384615 0.30153846153846153 0.22153846153846155
0.21846153846153846 0.2123076923076923 0.4123076923076923 0.15692307692307692
0.28615384615384615 0.32 0.1723076923076923 0.22153846153846155
0.08 0.03076923076923077 0.043076923076923075 0.8461538461538461
0.043076923076923075 0.916923076923077 0.012307692307692308 0.027692307692307693
0.012307692307692308 0.9723076923076923 0.003076923076923077 0.012307692307692308
0.31076923076923074 0.052307692307692305 0.07384615384615385 0.563076923076923
0.09230769230769231 0.13538461538461538 0.5261538461538462 0.24615384615384617
0.12 0.18461538461538463 0.6 0.09538461538461539
MOTIF metacluster_0pattern_23
letter-probability matrix: alength= 4 w= 10 E= 0
0.05063291139240506 0.7721518987341772 0.02531645569620253 0.1518987341772152
0.6962025316455697 0.05063291139240506 0.2088607594936709 0.04430379746835443
0.0379746835443038 0.006329113924050633 0.9493670886075949 0.006329113924050633
0.06329113924050633 0.02531645569620253 0.04430379746835443 0.8670886075949367
0.02531645569620253 0.8227848101265823 0.056962025316455694 0.0949367088607595
0.12025316455696203 0.006329113924050633 0.006329113924050633 0.8670886075949367
0.08227848101265822 0.06329113924050633 0.7721518987341772 0.08227848101265822
0.4620253164556962 0.15822784810126583 0.25949367088607594 0.12025316455696203
0.189873417721519 0.4050632911392405 0.1518987341772152 0.25316455696202533
0.25316455696202533 0.34177215189873417 0.13924050632911392 0.26582278481012656
MOTIF metacluster_0pattern_24
letter-probability matrix: alength= 4 w= 10 E= 0
0.19736842105263158 0.4342105263157895 0.10526315789473684 0.2631578947368421
0.5986842105263158 0.10526315789473684 0.17763157894736842 0.11842105263157894
0.05263157894736842 0.03289473684210526 0.881578947368421 0.03289473684210526
0.02631578947368421 0.019736842105263157 0.0 0.9539473684210527
0.08552631578947369 0.03289473684210526 0.875 0.006578947368421052
0.20394736842105263 0.1118421052631579 0.019736842105263157 0.6644736842105263
0.32894736842105265 0.06578947368421052 0.3618421052631579 0.24342105263157895
0.8881578947368421 0.0 0.046052631578947366 0.06578947368421052
0.4605263157894737 0.046052631578947366 0.2894736842105263 0.20394736842105263
0.046052631578947366 0.8618421052631579 0.013157894736842105 0.07894736842105263
MOTIF metacluster_0pattern_25
letter-probability matrix: alength= 4 w= 10 E= 0
0.017391304347826087 0.017391304347826087 0.9652173913043478 0.0
0.3565217391304348 0.05217391304347826 0.391304347826087 0.2
0.5739130434782609 0.043478260869565216 0.1826086956521739 0.2
0.10434782608695652 0.46956521739130436 0.33043478260869563 0.09565217391304348
0.06086956521739131 0.008695652173913044 0.034782608695652174 0.8956521739130435
0.043478260869565216 0.8 0.0 0.1565217391304348
0.0 1.0 0.0 0.0
0.2 0.10434782608695652 0.10434782608695652 0.591304347826087
0.0782608695652174 0.21739130434782608 0.3565217391304348 0.34782608695652173
0.14782608695652175 0.24347826086956523 0.4260869565217391 0.1826086956521739
MOTIF metacluster_0pattern_26
letter-probability matrix: alength= 4 w= 10 E= 0
0.20192307692307693 0.057692307692307696 0.5288461538461539 0.21153846153846154
0.5096153846153846 0.18269230769230768 0.19230769230769232 0.11538461538461539
0.19230769230769232 0.18269230769230768 0.4807692307692308 0.14423076923076922
0.028846153846153848 0.8846153846153846 0.0 0.08653846153846154
0.009615384615384616 0.04807692307692308 0.9230769230769231 0.019230769230769232
0.7692307692307693 0.057692307692307696 0.019230769230769232 0.15384615384615385
0.019230769230769232 0.04807692307692308 0.9134615384615384 0.019230769230769232
0.009615384615384616 0.9519230769230769 0.0 0.038461538461538464
0.25 0.009615384615384616 0.6538461538461539 0.08653846153846154
0.4326923076923077 0.23076923076923078 0.19230769230769232 0.14423076923076922
MOTIF metacluster_0pattern_27
letter-probability matrix: alength= 4 w= 10 E= 0
0.7676767676767676 0.06060606060606061 0.10101010101010101 0.0707070707070707
0.5151515151515151 0.23232323232323232 0.10101010101010101 0.15151515151515152
0.030303030303030304 0.9090909090909091 0.020202020202020204 0.04040404040404041
0.7272727272727273 0.10101010101010101 0.0707070707070707 0.10101010101010101
0.050505050505050504 0.1111111111111111 0.7777777777777778 0.06060606060606061
0.20202020202020202 0.0707070707070707 0.6666666666666666 0.06060606060606061
0.0 0.0 0.0 1.0
0.0707070707070707 0.06060606060606061 0.797979797979798 0.0707070707070707
0.5656565656565656 0.050505050505050504 0.06060606060606061 0.32323232323232326
0.15151515151515152 0.29292929292929293 0.1414141414141414 0.41414141414141414
MOTIF metacluster_0pattern_28
letter-probability matrix: alength= 4 w= 10 E= 0
0.39080459770114945 0.1724137931034483 0.1724137931034483 0.26436781609195403
0.6436781609195402 0.09195402298850575 0.14942528735632185 0.11494252873563218
0.40229885057471265 0.16091954022988506 0.16091954022988506 0.27586206896551724
0.0 0.9885057471264368 0.0 0.011494252873563218
0.011494252873563218 0.0 0.9885057471264368 0.0
0.735632183908046 0.08045977011494253 0.06896551724137931 0.11494252873563218
0.3563218390804598 0.13793103448275862 0.3333333333333333 0.1724137931034483
0.8505747126436781 0.034482758620689655 0.0 0.11494252873563218
0.7586206896551724 0.034482758620689655 0.14942528735632185 0.05747126436781609
0.04597701149425287 0.7931034482758621 0.08045977011494253 0.08045977011494253
MOTIF metacluster_0pattern_29
letter-probability matrix: alength= 4 w= 10 E= 0
0.3157894736842105 0.4342105263157895 0.07894736842105263 0.17105263157894737
0.6710526315789473 0.10526315789473684 0.07894736842105263 0.14473684210526316
0.06578947368421052 0.7368421052631579 0.05263157894736842 0.14473684210526316
0.8421052631578947 0.039473684210526314 0.09210526315789473 0.02631578947368421
0.05263157894736842 0.039473684210526314 0.8947368421052632 0.013157894736842105
0.013157894736842105 0.9736842105263158 0.0 0.013157894736842105
0.618421052631579 0.09210526315789473 0.02631578947368421 0.2631578947368421
0.11842105263157894 0.05263157894736842 0.75 0.07894736842105263
0.17105263157894737 0.19736842105263158 0.4473684210526316 0.18421052631578946
0.02631578947368421 0.32894736842105265 0.05263157894736842 0.5921052631578947
MOTIF metacluster_0pattern_30
letter-probability matrix: alength= 4 w= 10 E= 0
0.2972972972972973 0.10810810810810811 0.44594594594594594 0.14864864864864866
0.05405405405405406 0.02702702702702703 0.8918918918918919 0.02702702702702703
0.02702702702702703 0.04054054054054054 0.9324324324324325 0.0
0.7567567567567568 0.06756756756756757 0.0 0.17567567567567569
0.04054054054054054 0.013513513513513514 0.918918918918919 0.02702702702702703
0.8108108108108109 0.10810810810810811 0.013513513513513514 0.06756756756756757
0.0 0.013513513513513514 0.972972972972973 0.013513513513513514
0.12162162162162163 0.7702702702702703 0.02702702702702703 0.08108108108108109
0.20270270270270271 0.12162162162162163 0.2972972972972973 0.3783783783783784
0.2702702702702703 0.21621621621621623 0.3783783783783784 0.13513513513513514
MOTIF metacluster_0pattern_31
letter-probability matrix: alength= 4 w= 10 E= 0
0.06451612903225806 0.0967741935483871 0.04838709677419355 0.7903225806451613
0.08064516129032258 0.016129032258064516 0.8225806451612904 0.08064516129032258
0.06451612903225806 0.016129032258064516 0.06451612903225806 0.8548387096774194
0.06451612903225806 0.016129032258064516 0.0 0.9193548387096774
0.12903225806451613 0.0967741935483871 0.08064516129032258 0.6935483870967742
0.3225806451612903 0.1774193548387097 0.12903225806451613 0.3709677419354839
0.3387096774193548 0.04838709677419355 0.22580645161290322 0.3870967741935484
0.20967741935483872 0.0 0.6612903225806451 0.12903225806451613
0.3064516129032258 0.04838709677419355 0.5483870967741935 0.0967741935483871
0.25806451612903225 0.2903225806451613 0.20967741935483872 0.24193548387096775
MOTIF metacluster_1pattern_0
letter-probability matrix: alength= 4 w= 10 E= 0
0.28248757717211265 0.3101942478542388 0.23324800481855143 0.17407017015509713
0.37644932992019275 0.3898509260653516 0.13130552627616324 0.10239421773829242
0.7425086583345881 0.060984791447071224 0.0697184159012197 0.1267881343171209
0.03388043969281734 0.011142900165637706 0.9340460773979822 0.020930582743562718
0.018521307032073484 0.01656377051648848 0.9567836169251619 0.008131305526276163
0.9250112934798976 0.02800783014606234 0.0269537720222858 0.020027104351754255
0.1459117602770667 0.29724439090498417 0.26803192290317723 0.2888119259147719
0.31290468302966423 0.17271495256738442 0.1724137931034483 0.3419665712995031
0.23957235356121065 0.24228278873663606 0.13898509260653516 0.3791597650956181
0.22586959795211564 0.24107815088089143 0.29242583948200573 0.2406264116849872
MOTIF metacluster_1pattern_1
letter-probability matrix: alength= 4 w= 10 E= 0
0.30040637699281025 0.2172553923100969 0.17474210690840888 0.30759612378868395
0.21819318537042826 0.14098155673648016 0.13910597061581745 0.5017192872772741
0.08596436386370741 0.11409815567364802 0.6955298530790872 0.10440762738355736
0.9287277274148171 0.028446389496717725 0.022194435761175368 0.02063144732728978
0.009377930603313536 0.009377930603313536 0.007502344482650828 0.973741794310722
0.010940919037199124 0.925914348233823 0.0350109409190372 0.028133791809940606
0.25507971241012817 0.4066895904970303 0.10003125976867772 0.2381994373241638
0.20350109409190373 0.13597999374804626 0.1366051891216005 0.5239137230384495
0.2241325414191935 0.2206939668646452 0.26195686151922476 0.29321663019693656
0.31416067521100344 0.18537042825883088 0.2432010003125977 0.257267896217568
MOTIF metacluster_1pattern_2
letter-probability matrix: alength= 4 w= 10 E= 0
0.5140257771038665 0.19636087945413191 0.0932524639878696 0.19636087945413191
0.6739954510993177 0.17589082638362397 0.06595905989385899 0.0841546626231994
0.6050037907505686 0.0667172100075815 0.05307050796057619 0.27520849128127367
0.004548900682335102 0.008339651250947688 0.006065200909780136 0.9810462471569371
0.039423805913570885 0.0978013646702047 0.03411675511751327 0.8286580742987112
0.7589082638362395 0.043214556482183475 0.1197877179681577 0.07808946171341925
0.8574677786201668 0.029567854435178165 0.056103108415466264 0.05686125852918878
0.4783927217589083 0.10083396512509477 0.14101592115238817 0.27975739196360877
0.24715693707354056 0.13495072024260804 0.2312357846853677 0.3866565579984837
0.23654283548142532 0.18877937831690675 0.21910538286580744 0.3555724033358605
MOTIF metacluster_1pattern_3
letter-probability matrix: alength= 4 w= 10 E= 0
0.38310580204778155 0.22184300341296928 0.18088737201365188 0.21416382252559726
0.3720136518771331 0.2226962457337884 0.21160409556313994 0.19368600682593856
0.7261092150170648 0.12030716723549488 0.08532423208191127 0.06825938566552901
0.7593856655290102 0.11945392491467577 0.04778156996587031 0.07337883959044368
0.40102389078498296 0.14249146757679182 0.07337883959044368 0.38310580204778155
0.0008532423208191126 0.0017064846416382253 0.002559726962457338 0.9948805460750854
0.02901023890784983 0.04778156996587031 0.02218430034129693 0.9010238907849829
0.3370307167235495 0.07935153583617748 0.19539249146757678 0.38822525597269625
0.22440273037542663 0.11604095563139932 0.2175767918088737 0.44197952218430037
0.181740614334471 0.14419795221843004 0.3967576791808874 0.2773037542662116
MOTIF metacluster_1pattern_4
letter-probability matrix: alength= 4 w= 10 E= 0
0.19498607242339833 0.1392757660167131 0.16573816155988857 0.5
0.019498607242339833 0.022284122562674095 0.0584958217270195 0.8997214484679665
0.019498607242339833 0.016713091922005572 0.9317548746518106 0.03203342618384401
0.03203342618384401 0.08356545961002786 0.036211699164345405 0.8481894150417827
0.004178272980501393 0.9818941504178273 0.013927576601671309 0.0
0.12534818941504178 0.786908077994429 0.013927576601671309 0.07381615598885793
0.4233983286908078 0.21030640668523676 0.25348189415041783 0.11281337047353761
0.2646239554317549 0.34540389972144847 0.1573816155988858 0.23259052924791088
0.22562674094707522 0.25348189415041783 0.2743732590529248 0.24651810584958217
0.24651810584958217 0.181058495821727 0.27715877437325903 0.29526462395543174
MOTIF metacluster_1pattern_5
letter-probability matrix: alength= 4 w= 10 E= 0
0.23638968481375358 0.16332378223495703 0.18624641833810887 0.4140401146131805
0.07163323782234957 0.024355300859598854 0.044412607449856735 0.8595988538681948
0.008595988538681949 0.03008595988538682 0.9498567335243553 0.011461318051575931
0.14183381088825214 0.23065902578796563 0.24212034383954154 0.3853868194842407
0.0 0.994269340974212 0.0057306590257879654 0.0
0.9011461318051576 0.0329512893982808 0.025787965616045846 0.04011461318051576
0.5544412607449857 0.15329512893982808 0.11174785100286533 0.18051575931232092
0.6590257879656161 0.12034383954154727 0.06446991404011461 0.15616045845272206
0.5286532951289399 0.10028653295128939 0.13753581661891118 0.2335243553008596
0.43982808022922637 0.11174785100286533 0.18911174785100288 0.2593123209169054
MOTIF metacluster_1pattern_6
letter-probability matrix: alength= 4 w= 10 E= 0
0.3204930662557781 0.15254237288135594 0.1926040061633282 0.33436055469953774
0.21263482280431434 0.19722650231124808 0.19722650231124808 0.3929121725731895
0.21417565485362094 0.16486902927580893 0.44684129429892144 0.17411402157164868
0.1941448382126348 0.26810477657935283 0.41756548536209553 0.12018489984591679
0.02773497688751926 0.9198767334360555 0.032357473035439135 0.020030816640986132
0.040061633281972264 0.9291217257318952 0.015408320493066256 0.015408320493066256
0.6563944530046225 0.2033898305084746 0.06779661016949153 0.0724191063174114
0.802773497688752 0.09861325115562404 0.040061633281972264 0.05855161787365177
0.9476117103235747 0.015408320493066256 0.01694915254237288 0.020030816640986132
0.9106317411402157 0.01386748844375963 0.03543913713405239 0.040061633281972264
MOTIF metacluster_1pattern_7
letter-probability matrix: alength= 4 w= 10 E= 0
0.25996810207336524 0.0861244019138756 0.14035087719298245 0.5135566188197768
0.01594896331738437 0.0430622009569378 0.046251993620414676 0.8947368421052632
0.03349282296650718 0.022328548644338118 0.9186602870813397 0.025518341307814992
0.266347687400319 0.05422647527910686 0.6539074960127592 0.025518341307814992
0.009569377990430622 0.9649122807017544 0.014354066985645933 0.011164274322169059
0.03987240829346093 0.9473684210526315 0.003189792663476874 0.009569377990430622
0.7719298245614035 0.07814992025518341 0.05263157894736842 0.09728867623604466
0.430622009569378 0.16267942583732056 0.19298245614035087 0.21371610845295055
0.34290271132376393 0.23125996810207336 0.24561403508771928 0.18022328548644337
0.4768740031897927 0.15151515151515152 0.189792663476874 0.18181818181818182
MOTIF metacluster_1pattern_8
letter-probability matrix: alength= 4 w= 10 E= 0
0.27490774907749077 0.15498154981549817 0.16420664206642066 0.4059040590405904
0.12730627306273062 0.2066420664206642 0.16051660516605165 0.5055350553505535
0.13099630996309963 0.14206642066420663 0.5202952029520295 0.2066420664206642
0.25461254612546125 0.15129151291512916 0.4022140221402214 0.1918819188191882
0.02214022140221402 0.9243542435424354 0.025830258302583026 0.027675276752767528
0.03136531365313653 0.940959409594096 0.01845018450184502 0.00922509225092251
0.9114391143911439 0.04428044280442804 0.023985239852398525 0.02029520295202952
0.8505535055350554 0.06088560885608856 0.027675276752767528 0.06088560885608856
0.6236162361623616 0.12177121771217712 0.02952029520295203 0.22509225092250923
0.06273062730627306 0.0940959409594096 0.06642066420664207 0.7767527675276753
MOTIF metacluster_1pattern_9
letter-probability matrix: alength= 4 w= 10 E= 0
0.44569288389513106 0.1254681647940075 0.1404494382022472 0.2883895131086142
0.5337078651685393 0.20037453183520598 0.17790262172284643 0.08801498127340825
0.7284644194756554 0.08052434456928839 0.07303370786516854 0.11797752808988764
0.0056179775280898875 0.0056179775280898875 0.0 0.9887640449438202
0.0149812734082397 0.016853932584269662 0.0056179775280898875 0.9625468164794008
0.23595505617977527 0.009363295880149813 0.299625468164794 0.4550561797752809
0.8801498127340824 0.028089887640449437 0.052434456928838954 0.03932584269662921
0.08239700374531835 0.09550561797752809 0.04307116104868914 0.7790262172284644
0.1404494382022472 0.20224719101123595 0.49063670411985016 0.16666666666666666
0.46441947565543074 0.1647940074906367 0.15543071161048688 0.2153558052434457
MOTIF metacluster_1pattern_10
letter-probability matrix: alength= 4 w= 10 E= 0
0.84375 0.0859375 0.049479166666666664 0.020833333333333332
0.9140625 0.049479166666666664 0.028645833333333332 0.0078125
0.8854166666666666 0.041666666666666664 0.033854166666666664 0.0390625
0.8776041666666666 0.028645833333333332 0.028645833333333332 0.06510416666666667
0.9010416666666666 0.046875 0.028645833333333332 0.0234375
0.953125 0.0078125 0.018229166666666668 0.020833333333333332
0.8567708333333334 0.0390625 0.057291666666666664 0.046875
0.8541666666666666 0.036458333333333336 0.0546875 0.0546875
0.8125 0.03125 0.078125 0.078125
0.6484375 0.06770833333333333 0.14322916666666666 0.140625
MOTIF metacluster_1pattern_11
letter-probability matrix: alength= 4 w= 10 E= 0
0.335149863760218 0.11716621253405994 0.1989100817438692 0.34877384196185285
0.29427792915531337 0.13896457765667575 0.23433242506811988 0.33242506811989103
0.4196185286103542 0.22615803814713897 0.2506811989100817 0.10354223433242507
0.04087193460490463 0.035422343324250684 0.04632152588555858 0.8773841961852861
0.005449591280653951 0.9155313351498637 0.06267029972752043 0.01634877384196185
0.005449591280653951 0.9645776566757494 0.01907356948228883 0.010899182561307902
0.47411444141689374 0.35967302452316074 0.07901907356948229 0.08719346049046321
0.8283378746594006 0.04904632152588556 0.05449591280653951 0.0681198910081744
0.7983651226158038 0.07084468664850137 0.05722070844686648 0.07356948228882834
0.5013623978201635 0.10899182561307902 0.14986376021798364 0.23978201634877383
MOTIF metacluster_1pattern_12
letter-probability matrix: alength= 4 w= 10 E= 0
0.3968253968253968 0.3142857142857143 0.15873015873015872 0.13015873015873017
0.5047619047619047 0.3142857142857143 0.09841269841269841 0.08253968253968254
0.6317460317460317 0.21904761904761905 0.05714285714285714 0.09206349206349207
0.7841269841269841 0.09206349206349207 0.06666666666666667 0.05714285714285714
0.9746031746031746 0.006349206349206349 0.009523809523809525 0.009523809523809525
0.9809523809523809 0.0 0.012698412698412698 0.006349206349206349
0.8158730158730159 0.02857142857142857 0.05396825396825397 0.10158730158730159
0.5079365079365079 0.07936507936507936 0.24761904761904763 0.16507936507936508
0.27936507936507937 0.1523809523809524 0.13968253968253969 0.42857142857142855
0.20317460317460317 0.11428571428571428 0.32063492063492066 0.3619047619047619
MOTIF metacluster_1pattern_13
letter-probability matrix: alength= 4 w= 10 E= 0
0.48214285714285715 0.25357142857142856 0.20357142857142857 0.060714285714285714
0.7678571428571429 0.09285714285714286 0.04285714285714286 0.09642857142857143
0.025 0.9 0.025 0.05
0.007142857142857143 0.0035714285714285713 0.0 0.9892857142857143
0.0035714285714285713 0.039285714285714285 0.007142857142857143 0.95
0.1357142857142857 0.5357142857142857 0.05714285714285714 0.2714285714285714
0.6607142857142857 0.1 0.1 0.1392857142857143
0.35 0.08214285714285714 0.16785714285714284 0.4
0.20714285714285716 0.24642857142857144 0.11785714285714285 0.42857142857142855
0.325 0.14285714285714285 0.16785714285714284 0.36428571428571427
MOTIF metacluster_1pattern_14
letter-probability matrix: alength= 4 w= 10 E= 0
0.7241379310344828 0.15086206896551724 0.09051724137931035 0.034482758620689655
0.6853448275862069 0.1853448275862069 0.05603448275862069 0.07327586206896551
0.23706896551724138 0.28448275862068967 0.06896551724137931 0.40948275862068967
0.0 0.004310344827586207 0.0 0.9956896551724138
0.017241379310344827 0.04310344827586207 0.008620689655172414 0.9310344827586207
0.20689655172413793 0.10775862068965517 0.12931034482758622 0.5560344827586207
0.6681034482758621 0.03879310344827586 0.2413793103448276 0.05172413793103448
0.9439655172413793 0.0 0.03017241379310345 0.02586206896551724
0.21982758620689655 0.15086206896551724 0.13793103448275862 0.49137931034482757
0.14655172413793102 0.1336206896551724 0.21120689655172414 0.5086206896551724
MOTIF metacluster_1pattern_15
letter-probability matrix: alength= 4 w= 10 E= 0
0.4855072463768116 0.1956521739130435 0.12318840579710146 0.1956521739130435
0.6594202898550725 0.21014492753623187 0.06521739130434782 0.06521739130434782
