MEME version 5
ALPHABET= ACGT
strands: +
Background letter frequencies
A 0.29 C 0.21 G 0.21 T 0.29
MOTIF metacluster_0pattern_0
letter-probability matrix: alength= 4 w= 10 E= 0
0.27265015269765863 0.22124194095690533 0.21224974550390227 0.29385816084153377
0.2712928401764506 0.27197149643705465 0.2344757380386834 0.22225992534781133
0.4185612487275195 0.3106549032914829 0.16033254156769597 0.11045130641330166
0.7085171360705802 0.07838479809976247 0.0666779776043434 0.14642008822531388
0.058534102477095354 0.013742789277231082 0.9019341703427214 0.025788937902952155
0.02002035968781812 0.01170682049541907 0.9587716321683067 0.009501187648456057
0.9487614523243977 0.016118086189345095 0.01815405497115711 0.0169664065151001
0.2317611129962674 0.2488971835765185 0.3656260604004072 0.15371564302680693
0.2877502544960977 0.2146250424160163 0.15524261961316593 0.34238208347472004
0.20919579233118427 0.19528333898880218 0.09433322022395657 0.501187648456057
MOTIF metacluster_0pattern_1
letter-probability matrix: alength= 4 w= 10 E= 0
0.2623357302256385 0.20431440614926855 0.22167121249690058 0.31167865112819243
0.26605504587155965 0.2675427721299281 0.19613191172824201 0.2702702702702703
0.33523431688569305 0.2650632283659807 0.21745598809818995 0.18224646665013639
0.6233573022563849 0.09174311926605505 0.10736424497892388 0.17753533349863626
0.24646665013637492 0.04339201586908009 0.5298785023555665 0.18026283163897844
0.02578725514505331 0.014133399454500373 0.9499132159682618 0.010166129432184479
0.9655343416811307 0.008430448797421275 0.015621125712868833 0.010414083808579222
0.01537317133647409 0.016612943218447807 0.011157946937763452 0.9568559385073147
0.20307463426729483 0.4388792462186958 0.15075626084800398 0.20728985866600547
0.3406893131663774 0.18497396479047856 0.2018348623853211 0.272501859657823
MOTIF metacluster_0pattern_2
letter-probability matrix: alength= 4 w= 10 E= 0
0.401293267402054 0.19551160136934195 0.17611259033853177 0.22708254089007227
0.3602130087485736 0.27424876378851276 0.1411182959300114 0.22441993153290224
0.7170026626093572 0.11563332065424116 0.10232027386839103 0.06504374286801065
0.9437048307341195 0.012552301255230125 0.024724229745150247 0.01901863826550019
0.3252187143400532 0.3157093952073032 0.11753518448079117 0.24153670597185242
0.026245720806390264 0.013693419551160137 0.003803727653100038 0.9562571319893496
0.006085964244960061 0.006085964244960061 0.0030429821224800305 0.9847850893875999
0.18714340053252188 0.11905667554203118 0.22556104982883227 0.4682388740966147
0.45150247242297453 0.1095473564092811 0.21300874857360214 0.22594142259414227
0.24648155192088247 0.1395968048687714 0.27843286420692276 0.33548877900342333
MOTIF metacluster_0pattern_3
letter-probability matrix: alength= 4 w= 10 E= 0
0.45185995623632386 0.19146608315098468 0.15645514223194748 0.20021881838074398
0.437636761487965 0.13566739606126915 0.24726477024070023 0.17943107221006566
0.3238512035010941 0.21334792122538293 0.07658643326039387 0.3862144420131291
0.38293216630196936 0.24507658643326038 0.2592997811816193 0.11269146608315099
0.8949671772428884 0.02954048140043764 0.015317286652078774 0.060175054704595186
0.0437636761487965 0.015317286652078774 0.0032822757111597373 0.937636761487965
0.010940919037199124 0.012035010940919038 0.012035010940919038 0.9649890590809628
0.09737417943107221 0.036105032822757115 0.12472647702407003 0.7417943107221007
0.6334792122538293 0.06564551422319474 0.18052516411378555 0.12035010940919037
0.20350109409190373 0.10065645514223195 0.2100656455142232 0.48577680525164113
MOTIF metacluster_0pattern_4
letter-probability matrix: alength= 4 w= 10 E= 0
0.32088520055325037 0.19363762102351315 0.2268326417704011 0.25864453665283543
0.2821576763485477 0.22959889349930843 0.2351313969571231 0.25311203319502074
0.3278008298755187 0.326417704011065 0.11756569847856155 0.22821576763485477
0.7731673582295989 0.09681881051175657 0.08022130013831259 0.04979253112033195
0.7040110650069157 0.12309820193637622 0.05394190871369295 0.11894882434301521
0.006915629322268326 0.011065006915629323 0.0013831258644536654 0.9806362378976486
0.011065006915629323 0.07745504840940526 0.006915629322268326 0.9045643153526971
0.8035961272475796 0.012448132780082987 0.14107883817427386 0.042876901798063624
0.9557399723374828 0.005532503457814661 0.0318118948824343 0.006915629322268326
0.355463347164592 0.05255878284923928 0.1950207468879668 0.3969571230982019
MOTIF metacluster_0pattern_5
letter-probability matrix: alength= 4 w= 10 E= 0
0.24358974358974358 0.20797720797720798 0.19658119658119658 0.35185185185185186
0.24358974358974358 0.2621082621082621 0.22364672364672364 0.2706552706552707
0.2621082621082621 0.13105413105413105 0.16666666666666666 0.44017094017094016
0.03133903133903134 0.005698005698005698 0.06695156695156695 0.896011396011396
0.018518518518518517 0.01566951566951567 0.9458689458689459 0.019943019943019943
0.011396011396011397 0.03276353276353276 0.02849002849002849 0.9273504273504274
0.0 0.9971509971509972 0.0014245014245014246 0.0014245014245014246
0.06267806267806268 0.8148148148148148 0.005698005698005698 0.1168091168091168
0.3732193732193732 0.12535612535612536 0.14814814814814814 0.35327635327635326
0.254985754985755 0.17236467236467237 0.2150997150997151 0.3575498575498576
MOTIF metacluster_0pattern_6
letter-probability matrix: alength= 4 w= 10 E= 0
0.34146341463414637 0.09568480300187618 0.08442776735459662 0.47842401500938087
0.03189493433395872 0.01876172607879925 0.043151969981238276 0.9061913696060038
0.01876172607879925 0.01125703564727955 0.9474671669793621 0.0225140712945591
0.31894934333958724 0.0525328330206379 0.5947467166979362 0.03377110694183865
0.005628517823639775 0.9662288930581614 0.0075046904315197 0.020637898686679174
0.020637898686679174 0.9474671669793621 0.005628517823639775 0.02626641651031895
0.5459662288930581 0.12195121951219512 0.04127579737335835 0.29080675422138835
0.26454033771106944 0.22326454033771106 0.24390243902439024 0.2682926829268293
0.17073170731707318 0.2551594746716698 0.3452157598499062 0.22889305816135083
0.4277673545966229 0.18574108818011256 0.22138836772983114 0.1651031894934334
MOTIF metacluster_0pattern_7
letter-probability matrix: alength= 4 w= 10 E= 0
0.304635761589404 0.15673289183222958 0.1346578366445916 0.40397350993377484
0.04194260485651214 0.004415011037527594 0.033112582781456956 0.9205298013245033
0.002207505518763797 0.002207505518763797 0.9911699779249448 0.004415011037527594
0.10596026490066225 0.152317880794702 0.18763796909492272 0.5540838852097131
0.0 0.9977924944812362 0.002207505518763797 0.0
0.7880794701986755 0.0728476821192053 0.024282560706401765 0.11479028697571744
0.5209713024282561 0.09050772626931568 0.152317880794702 0.23620309050772628
0.3620309050772627 0.23178807947019867 0.12582781456953643 0.2803532008830022
0.3708609271523179 0.1545253863134658 0.3090507726269316 0.16556291390728478
0.4900662251655629 0.12582781456953643 0.20750551876379691 0.17660044150110377
MOTIF metacluster_0pattern_8
letter-probability matrix: alength= 4 w= 10 E= 0
0.8 0.11428571428571428 0.03214285714285714 0.05357142857142857
0.9178571428571428 0.04285714285714286 0.03214285714285714 0.007142857142857143
0.925 0.039285714285714285 0.017857142857142856 0.017857142857142856
0.9035714285714286 0.03571428571428571 0.017857142857142856 0.04285714285714286
0.8857142857142857 0.05 0.05357142857142857 0.010714285714285714
0.9821428571428571 0.010714285714285714 0.0035714285714285713 0.0035714285714285713
0.9428571428571428 0.025 0.010714285714285714 0.02142857142857143
0.9 0.017857142857142856 0.05357142857142857 0.02857142857142857
0.7107142857142857 0.025 0.18214285714285713 0.08214285714285714
0.7071428571428572 0.08214285714285714 0.05714285714285714 0.15357142857142858
MOTIF metacluster_0pattern_9
letter-probability matrix: alength= 4 w= 10 E= 0
0.3115942028985507 0.13768115942028986 0.14130434782608695 0.40942028985507245
0.09057971014492754 0.10869565217391304 0.09782608695652174 0.7028985507246377
0.06884057971014493 0.07608695652173914 0.7463768115942029 0.10869565217391304
0.18115942028985507 0.21014492753623187 0.47101449275362317 0.13768115942028986
0.0036231884057971015 0.9782608695652174 0.010869565217391304 0.007246376811594203
0.03260869565217391 0.9492753623188406 0.007246376811594203 0.010869565217391304
0.7536231884057971 0.14855072463768115 0.025362318840579712 0.07246376811594203
0.8659420289855072 0.043478260869565216 0.03985507246376811 0.050724637681159424
0.9202898550724637 0.025362318840579712 0.028985507246376812 0.025362318840579712
0.7355072463768116 0.043478260869565216 0.10869565217391304 0.11231884057971014
MOTIF metacluster_0pattern_10
letter-probability matrix: alength= 4 w= 10 E= 0
0.8697478991596639 0.058823529411764705 0.02100840336134454 0.05042016806722689
0.5546218487394958 0.15966386554621848 0.0546218487394958 0.23109243697478993
0.012605042016806723 0.025210084033613446 0.9327731092436975 0.029411764705882353
0.9159663865546218 0.004201680672268907 0.07142857142857142 0.008403361344537815
0.19327731092436976 0.23529411764705882 0.27310924369747897 0.29831932773109243
0.08823529411764706 0.004201680672268907 0.012605042016806723 0.8949579831932774
0.004201680672268907 0.008403361344537815 0.004201680672268907 0.9831932773109243
0.28991596638655465 0.1092436974789916 0.25210084033613445 0.3487394957983193
0.42857142857142855 0.15126050420168066 0.1638655462184874 0.25630252100840334
0.2647058823529412 0.1134453781512605 0.3067226890756303 0.31512605042016806
MOTIF metacluster_0pattern_11
letter-probability matrix: alength= 4 w= 10 E= 0
0.4386792452830189 0.3113207547169811 0.12735849056603774 0.12264150943396226
0.6132075471698113 0.18396226415094338 0.09905660377358491 0.10377358490566038
0.7028301886792453 0.08490566037735849 0.1509433962264151 0.06132075471698113
0.8018867924528302 0.05188679245283019 0.08018867924528301 0.0660377358490566
0.9386792452830188 0.02358490566037736 0.018867924528301886 0.018867924528301886
0.9481132075471698 0.009433962264150943 0.02830188679245283 0.014150943396226415
0.9339622641509434 0.009433962264150943 0.04716981132075472 0.009433962264150943
0.0047169811320754715 0.0660377358490566 0.03773584905660377 0.8915094339622641
0.20754716981132076 0.05660377358490566 0.6320754716981132 0.10377358490566038
0.4716981132075472 0.14150943396226415 0.16981132075471697 0.2169811320754717
MOTIF metacluster_0pattern_12
letter-probability matrix: alength= 4 w= 10 E= 0
0.37628865979381443 0.29896907216494845 0.17010309278350516 0.15463917525773196
0.5927835051546392 0.23711340206185566 0.09278350515463918 0.07731958762886598
0.7061855670103093 0.12886597938144329 0.06701030927835051 0.0979381443298969
0.7577319587628866 0.07731958762886598 0.1134020618556701 0.05154639175257732
0.8711340206185567 0.020618556701030927 0.06701030927835051 0.041237113402061855
0.9381443298969072 0.02577319587628866 0.02577319587628866 0.010309278350515464
0.8711340206185567 0.010309278350515464 0.07731958762886598 0.041237113402061855
0.16494845360824742 0.010309278350515464 0.634020618556701 0.19072164948453607
0.030927835051546393 0.010309278350515464 0.9536082474226805 0.005154639175257732
0.8195876288659794 0.02577319587628866 0.11855670103092783 0.03608247422680412
MOTIF metacluster_0pattern_13
letter-probability matrix: alength= 4 w= 10 E= 0
0.20967741935483872 0.3655913978494624 0.2849462365591398 0.13978494623655913
0.42473118279569894 0.3655913978494624 0.0913978494623656 0.11827956989247312
0.3010752688172043 0.42473118279569894 0.043010752688172046 0.23118279569892472
0.6505376344086021 0.13440860215053763 0.06451612903225806 0.15053763440860216
0.9193548387096774 0.043010752688172046 0.026881720430107527 0.010752688172043012
1.0 0.0 0.0 0.0
0.8118279569892473 0.005376344086021506 0.1827956989247312 0.0
0.08602150537634409 0.10752688172043011 0.2903225806451613 0.5161290322580645
0.2849462365591398 0.08064516129032258 0.5752688172043011 0.05913978494623656
0.23118279569892472 0.16666666666666666 0.25268817204301075 0.34946236559139787
MOTIF metacluster_0pattern_14
letter-probability matrix: alength= 4 w= 10 E= 0
0.3380281690140845 0.352112676056338 0.06338028169014084 0.24647887323943662
0.5915492957746479 0.2887323943661972 0.04929577464788732 0.07042253521126761
0.8169014084507042 0.08450704225352113 0.035211267605633804 0.06338028169014084
0.7887323943661971 0.035211267605633804 0.1056338028169014 0.07042253521126761
0.6549295774647887 0.04929577464788732 0.2746478873239437 0.02112676056338028
0.971830985915493 0.0 0.007042253521126761 0.02112676056338028
0.9436619718309859 0.007042253521126761 0.02112676056338028 0.028169014084507043
0.3380281690140845 0.06338028169014084 0.5352112676056338 0.06338028169014084
0.11971830985915492 0.13380281690140844 0.13380281690140844 0.6126760563380281
0.39436619718309857 0.1056338028169014 0.36619718309859156 0.13380281690140844
MOTIF metacluster_0pattern_15
letter-probability matrix: alength= 4 w= 10 E= 0
0.7232142857142857 0.125 0.044642857142857144 0.10714285714285714
0.7142857142857143 0.044642857142857144 0.11607142857142858 0.125
0.0 0.0 1.0 0.0
0.9107142857142857 0.026785714285714284 0.03571428571428571 0.026785714285714284
0.9732142857142857 0.008928571428571428 0.008928571428571428 0.008928571428571428
0.08928571428571429 0.07142857142857142 0.7321428571428571 0.10714285714285714
0.07142857142857142 0.05357142857142857 0.0625 0.8125
0.0625 0.09821428571428571 0.07142857142857142 0.7678571428571429
0.2767857142857143 0.23214285714285715 0.375 0.11607142857142858
0.4017857142857143 0.25892857142857145 0.1875 0.15178571428571427
MOTIF metacluster_0pattern_16
letter-probability matrix: alength= 4 w= 10 E= 0
0.07142857142857142 0.8469387755102041 0.02040816326530612 0.061224489795918366
0.5102040816326531 0.42857142857142855 0.01020408163265306 0.05102040816326531
0.7653061224489796 0.09183673469387756 0.09183673469387756 0.05102040816326531
0.8979591836734694 0.05102040816326531 0.030612244897959183 0.02040816326530612
0.8775510204081632 0.04081632653061224 0.04081632653061224 0.04081632653061224
0.9489795918367347 0.02040816326530612 0.030612244897959183 0.0
0.7448979591836735 0.030612244897959183 0.19387755102040816 0.030612244897959183
0.673469387755102 0.1326530612244898 0.10204081632653061 0.09183673469387756
0.6224489795918368 0.12244897959183673 0.17346938775510204 0.08163265306122448
0.7142857142857143 0.11224489795918367 0.061224489795918366 0.11224489795918367
MOTIF metacluster_0pattern_17
letter-probability matrix: alength= 4 w= 10 E= 0
0.0 0.0 0.021505376344086023 0.978494623655914
0.010752688172043012 0.8602150537634409 0.043010752688172046 0.08602150537634409
0.23655913978494625 0.46236559139784944 0.10752688172043011 0.1935483870967742
0.0967741935483871 0.010752688172043012 0.6451612903225806 0.24731182795698925
0.010752688172043012 0.010752688172043012 0.967741935483871 0.010752688172043012
0.978494623655914 0.010752688172043012 0.010752688172043012 0.0
0.021505376344086023 0.0 0.010752688172043012 0.967741935483871
0.15053763440860216 0.5698924731182796 0.10752688172043011 0.17204301075268819
0.3225806451612903 0.15053763440860216 0.3333333333333333 0.1935483870967742
0.3870967741935484 0.1935483870967742 0.1935483870967742 0.22580645161290322
MOTIF metacluster_1pattern_0
letter-probability matrix: alength= 4 w= 10 E= 0
0.21525302922309336 0.12651461154668567 0.2562366357804704 0.40199572344975054
0.039201710620099785 0.8788310762651461 0.022095509622238062 0.05987170349251604
0.2533856022808268 0.07163221667854597 0.2701354240912331 0.40484675694939415
0.03243050605844619 0.9116179615110478 0.025302922309337134 0.030648610121168925
0.3282252316464718 0.06521739130434782 0.16642908054169636 0.440128296507484
0.04526015680684248 0.8788310762651461 0.030648610121168925 0.04526015680684248
0.22986457590876694 0.09907341411261582 0.22523164647184604 0.4458303635067712
0.14005702066999287 0.5263720598717035 0.12829650748396293 0.2052744119743407
0.20634354953670705 0.21240199572344975 0.24554526015680683 0.33570919458303633
0.16250890947968638 0.3638631503920171 0.18674269422665715 0.28688524590163933
MOTIF metacluster_1pattern_1
letter-probability matrix: alength= 4 w= 10 E= 0
0.23977591036414567 0.1781512605042017 0.3568627450980392 0.22521008403361345
0.23025210084033612 0.36470588235294116 0.1507002801120448 0.25434173669467786
0.16918767507002802 0.07058823529411765 0.08235294117647059 0.6778711484593838
0.7759103641456583 0.03865546218487395 0.09803921568627451 0.08739495798319327
0.13557422969187674 0.15294117647058825 0.11596638655462185 0.5955182072829132
0.023529411764705882 0.9501400560224089 0.0056022408963585435 0.02072829131652661
0.025210084033613446 0.0067226890756302525 0.9523809523809523 0.01568627450980392
0.538375350140056 0.14173669467787114 0.16974789915966387 0.15014005602240896
0.1927170868347339 0.18095238095238095 0.11316526610644258 0.5131652661064425
0.3254901960784314 0.15182072829131651 0.16750700280112044 0.35518207282913167
MOTIF metacluster_1pattern_2
letter-probability matrix: alength= 4 w= 10 E= 0
0.2251270878721859 0.35366739288307913 0.2440087145969499 0.17719680464778503
0.49382716049382713 0.23529411764705882 0.08859840232389252 0.1822803195352215
0.2534495279593319 0.14088598402323893 0.3790849673202614 0.22657952069716775
0.6623093681917211 0.1394335511982571 0.12345679012345678 0.074800290486565
0.0944081336238199 0.02832244008714597 0.8445896877269427 0.032679738562091505
0.01815541031227306 0.9658678286129266 0.0036310820624546117 0.012345679012345678
0.12127814088598403 0.08278867102396514 0.05809731299927379 0.7378358750907771
0.053013798111837325 0.03776325344952796 0.878721859114016 0.030501089324618737
0.21931735657225854 0.2251270878721859 0.16339869281045752 0.39215686274509803
0.13435003631082063 0.1728395061728395 0.18445896877269427 0.5083514887436456
MOTIF metacluster_1pattern_3
letter-probability matrix: alength= 4 w= 10 E= 0
0.20128824476650564 0.1682769726247987 0.39855072463768115 0.2318840579710145
0.2286634460547504 0.30917874396135264 0.11030595813204509 0.35185185185185186
0.039452495974235106 0.011272141706924315 0.9138486312399355 0.03542673107890499
0.00644122383252818 0.962157809983897 0.0 0.03140096618357488
0.286634460547504 0.06843800322061191 0.15861513687600645 0.4863123993558776
0.020128824476650563 0.9347826086956522 0.013687600644122383 0.03140096618357488
0.23993558776167473 0.0426731078904992 0.1320450885668277 0.5853462157809984
0.11755233494363929 0.6819645732689211 0.09581320450885668 0.10466988727858294
0.24879227053140096 0.15780998389694043 0.14492753623188406 0.44847020933977455
0.19484702093397746 0.23993558776167473 0.23349436392914655 0.33172302737520126
MOTIF metacluster_1pattern_4
letter-probability matrix: alength= 4 w= 10 E= 0
0.3092046470062556 0.10902591599642537 0.450402144772118 0.13136729222520108
0.6193029490616622 0.08579088471849866 0.17158176943699732 0.12332439678284182
0.6505808757819481 0.10902591599642537 0.11885612153708669 0.12153708668453976
0.9294012511170688 0.0071492403932082215 0.004468275245755138 0.058981233243967826
0.8972296693476318 0.05361930294906166 0.025022341376228777 0.024128686327077747
0.06702412868632708 0.7989276139410187 0.01161751563896336 0.1224307417336908
0.8355674709562109 0.08221626452189455 0.03038427167113494 0.05183199285075961
0.5719392314566577 0.1456657730116175 0.15996425379803395 0.1224307417336908
0.354781054512958 0.3529937444146559 0.09651474530831099 0.19571045576407506
0.4128686327077748 0.20464700625558535 0.17247542448614836 0.21000893655049152
MOTIF metacluster_1pattern_5
letter-probability matrix: alength= 4 w= 10 E= 0
0.36140018921475875 0.1977294228949858 0.10596026490066225 0.33491012298959316
0.4219489120151372 0.06717123935666983 0.2961210974456008 0.21475875118259224
0.05771050141911069 0.8524124881740776 0.015137180700094607 0.07473982970671712
0.8486281929990539 0.02554399243140965 0.04446546830652791 0.08136234626300852
0.02459791863765374 0.8874172185430463 0.027436140018921477 0.06054872280037843
0.21286660359508042 0.065279091769158 0.05771050141911069 0.6641438032166509
0.0879848628192999 0.01608325449385052 0.8684957426679281 0.027436140018921477
0.1608325449385052 0.13718070009460737 0.08703878902554399 0.6149479659413434
0.22327341532639547 0.11825922421948912 0.27625354777672656 0.38221381267738885
0.33112582781456956 0.18732261116367077 0.16745506149479658 0.3140964995269631
MOTIF metacluster_1pattern_6
letter-probability matrix: alength= 4 w= 10 E= 0
0.24065420560747663 0.3422897196261682 0.19976635514018692 0.21728971962616822
0.3901869158878505 0.19509345794392524 0.19626168224299065 0.21845794392523366
0.011682242990654205 0.9509345794392523 0.004672897196261682 0.03271028037383177
0.8820093457943925 0.026869158878504672 0.08411214953271028 0.007009345794392523
0.07593457943925233 0.02570093457943925 0.8072429906542056 0.0911214953271028
0.06425233644859812 0.8644859813084113 0.035046728971962614 0.036214953271028034
0.008177570093457943 0.05841121495327103 0.018691588785046728 0.9147196261682243
0.01985981308411215 0.0011682242990654205 0.9731308411214953 0.005841121495327103
0.24299065420560748 0.25350467289719625 0.1939252336448598 0.30957943925233644
0.1191588785046729 0.18574766355140188 0.1261682242990654 0.5689252336448598
MOTIF metacluster_1pattern_7
letter-probability matrix: alength= 4 w= 10 E= 0
0.1902097902097902 0.37202797202797205 0.057342657342657345 0.3804195804195804
0.7832167832167832 0.06853146853146853 0.08251748251748252 0.06573426573426573
0.02097902097902098 0.9048951048951049 0.016783216783216783 0.057342657342657345
0.7846153846153846 0.04055944055944056 0.13706293706293707 0.03776223776223776
0.13286713286713286 0.2 0.20279720279720279 0.4643356643356643
0.4993006993006993 0.057342657342657345 0.34825174825174826 0.0951048951048951
0.046153846153846156 0.08671328671328671 0.027972027972027972 0.8391608391608392
0.044755244755244755 0.012587412587412588 0.9118881118881119 0.03076923076923077
0.14125874125874127 0.213986013986014 0.0951048951048951 0.5496503496503496
0.3258741258741259 0.0993006993006993 0.18321678321678322 0.3916083916083916
MOTIF metacluster_1pattern_8
letter-probability matrix: alength= 4 w= 10 E= 0
0.24743777452415813 0.2342606149341142 0.11420204978038068 0.404099560761347
0.3923865300146413 0.13177159590043924 0.3484626647144949 0.1273792093704246
0.28550512445095166 0.05417276720351391 0.3235724743777452 0.3367496339677892
0.017569546120058566 0.972181551976574 0.0 0.010248901903367497
0.021961932650073207 0.008784773060029283 0.9502196193265008 0.01903367496339678
0.363103953147877 0.1581259150805271 0.1054172767203514 0.3733528550512445
0.05124450951683748 0.7598828696925329 0.03074670571010249 0.1581259150805271
0.13177159590043924 0.017569546120058566 0.7833089311859444 0.06734992679355783
0.2342606149341142 0.3484626647144949 0.1376281112737921 0.2796486090775988
0.1815519765739385 0.4055636896046852 0.15519765739385066 0.25768667642752563
MOTIF metacluster_1pattern_9
letter-probability matrix: alength= 4 w= 10 E= 0
0.272 0.3616 0.1616 0.2048
0.4448 0.1504 0.1312 0.2736
0.296 0.2176 0.2752 0.2112
0.552 0.104 0.1344 0.2096
0.0016 0.0 0.9936 0.0048
0.0032 0.9904 0.0 0.0064
0.0224 0.0208 0.016 0.9408
0.2144 0.1488 0.0512 0.5856
0.1248 0.0624 0.1104 0.7024
0.088 0.2352 0.1264 0.5504
MOTIF metacluster_1pattern_10
letter-probability matrix: alength= 4 w= 10 E= 0
0.2416 0.0576 0.1136 0.5872
0.2288 0.0752 0.152 0.544
0.464 0.08 0.0784 0.3776
0.8992 0.0192 0.0272 0.0544
0.9248 0.008 0.0048 0.0624
0.648 0.0352 0.0464 0.2704
0.0928 0.1632 0.0128 0.7312
0.7008 0.0528 0.0496 0.1968
0.3984 0.2112 0.152 0.2384
0.272 0.232 0.1536 0.3424
MOTIF metacluster_1pattern_11
letter-probability matrix: alength= 4 w= 10 E= 0
0.30831099195710454 0.29222520107238603 0.128686327077748 0.2707774798927614
0.35924932975871315 0.16353887399463807 0.23324396782841822 0.24396782841823056
0.15013404825737264 0.4745308310991957 0.10455764075067024 0.2707774798927614
0.0160857908847185 0.19839142091152814 0.045576407506702415 0.739946380697051
0.024128686327077747 0.002680965147453083 0.9168900804289544 0.05630026809651475
0.058981233243967826 0.8471849865951743 0.04289544235924933 0.05093833780160858
0.029490616621983913 0.021447721179624665 0.01876675603217158 0.9302949061662198
0.05361930294906166 0.010723860589812333 0.8927613941018767 0.04289544235924933
0.0938337801608579 0.2225201072386059 0.13672922252010725 0.546916890080429
0.11528150134048257 0.08042895442359249 0.12064343163538874 0.6836461126005362
MOTIF metacluster_1pattern_12
letter-probability matrix: alength= 4 w= 10 E= 0
0.27049180327868855 0.12568306010928962 0.15300546448087432 0.45081967213114754
0.44808743169398907 0.09289617486338798 0.15027322404371585 0.3087431693989071
0.3770491803278688 0.20765027322404372 0.01092896174863388 0.40437158469945356
0.9398907103825137 0.0 0.03551912568306011 0.02459016393442623
0.01366120218579235 0.9672131147540983 0.00273224043715847 0.01639344262295082
0.8661202185792349 0.0546448087431694 0.02185792349726776 0.05737704918032787
0.24863387978142076 0.3251366120218579 0.06830601092896176 0.35792349726775957
0.22131147540983606 0.2185792349726776 0.12295081967213115 0.4371584699453552
0.06284153005464481 0.00819672131147541 0.912568306010929 0.01639344262295082
0.07650273224043716 0.7049180327868853 0.04918032786885246 0.16939890710382513
MOTIF metacluster_1pattern_13
letter-probability matrix: alength= 4 w= 10 E= 0
0.1457142857142857 0.3457142857142857 0.16 0.3485714285714286
0.045714285714285714 0.05142857142857143 0.8114285714285714 0.09142857142857143
0.14285714285714285 0.04857142857142857 0.022857142857142857 0.7857142857142857
0.23714285714285716 0.14 0.34 0.28285714285714286
0.37142857142857144 0.04 0.15142857142857144 0.43714285714285717
0.008571428571428572 0.9885714285714285 0.0 0.002857142857142857
0.02 0.0 0.9685714285714285 0.011428571428571429
0.33714285714285713 0.18857142857142858 0.13428571428571429 0.34
0.15142857142857144 0.3028571428571429 0.05142857142857143 0.4942857142857143
0.34285714285714286 0.14 0.22 0.29714285714285715
MOTIF metacluster_1pattern_14
letter-probability matrix: alength= 4 w= 10 E= 0
0.38170347003154576 0.10725552050473186 0.3785488958990536 0.13249211356466878
0.07255520504731862 0.7949526813880127 0.0473186119873817 0.08517350157728706
0.5394321766561514 0.0914826498422713 0.2807570977917981 0.08832807570977919
0.5394321766561514 0.08832807570977919 0.24290220820189273 0.12933753943217666
0.19873817034700317 0.07886435331230283 0.6561514195583596 0.06624605678233439
0.00946372239747634 0.03785488958990536 0.012618296529968454 0.9400630914826499
0.00946372239747634 0.025236593059936908 0.9526813880126183 0.012618296529968454
0.19242902208201892 0.06624605678233439 0.05993690851735016 0.6813880126182965
0.15772870662460567 0.012618296529968454 0.5962145110410094 0.2334384858044164
0.26498422712933756 0.14195583596214512 0.09779179810725552 0.4952681388012618
MOTIF metacluster_1pattern_15
letter-probability matrix: alength= 4 w= 10 E= 0
0.2916666666666667 0.11858974358974358 0.23076923076923078 0.358974358974359
0.5032051282051282 0.10897435897435898 0.1955128205128205 0.19230769230769232
0.6378205128205128 0.08653846153846154 0.10897435897435898 0.16666666666666666
0.6826923076923077 0.05448717948717949 0.14743589743589744 0.11538461538461539
0.8205128205128205 0.057692307692307696 0.01282051282051282 0.10897435897435898
0.7980769230769231 0.057692307692307696 0.11858974358974358 0.02564102564102564
0.2692307692307692 0.038461538461538464 0.009615384615384616 0.6826923076923077
0.9198717948717948 0.003205128205128205 0.04807692307692308 0.028846153846153848
0.11217948717948718 0.7083333333333334 0.0673076923076923 0.11217948717948718
0.2916666666666667 0.3333333333333333 0.07692307692307693 0.2980769230769231
MOTIF metacluster_1pattern_16
letter-probability matrix: alength= 4 w= 10 E= 0
0.19205298013245034 0.2052980132450331 0.33112582781456956 0.271523178807947
0.12251655629139073 0.38741721854304634 0.23178807947019867 0.2582781456953642
0.2119205298013245 0.08278145695364239 0.26490066225165565 0.44039735099337746
0.10596026490066225 0.7052980132450332 0.07947019867549669 0.10927152317880795
0.18543046357615894 0.009933774834437087 0.5695364238410596 0.23509933774834438
0.029801324503311258 0.8874172185430463 0.023178807947019868 0.059602649006622516
0.033112582781456956 0.006622516556291391 0.9503311258278145 0.009933774834437087
0.04304635761589404 0.8841059602649006 0.0033112582781456954 0.0695364238410596
0.08609271523178808 0.1456953642384106 0.04966887417218543 0.7185430463576159
0.26158940397350994 0.20860927152317882 0.22847682119205298 0.30132450331125826
MOTIF metacluster_1pattern_17
letter-probability matrix: alength= 4 w= 10 E= 0
0.02702702702702703 0.04391891891891892 0.8108108108108109 0.11824324324324324
0.08445945945945946 0.08783783783783784 0.0472972972972973 0.7804054054054054
0.125 0.6925675675675675 0.04054054054054054 0.14189189189189189
0.8445945945945946 0.016891891891891893 0.04054054054054054 0.09797297297297297
0.010135135135135136 0.9121621621621622 0.0472972972972973 0.030405405405405407
0.8581081081081081 0.030405405405405407 0.030405405405405407 0.08108108108108109
0.057432432432432436 0.7533783783783784 0.08783783783783784 0.10135135135135136
0.1554054054054054 0.15202702702702703 0.04391891891891892 0.6486486486486487
0.20945945945945946 0.11824324324324324 0.47635135135135137 0.19594594594594594
0.2533783783783784 0.24324324324324326 0.23986486486486486 0.2635135135135135
MOTIF metacluster_1pattern_18
letter-probability matrix: alength= 4 w= 10 E= 0
0.3543859649122807 0.18596491228070175 0.24210526315789474 0.21754385964912282
0.2631578947368421 0.17543859649122806 0.19298245614035087 0.3684210526315789
0.3157894736842105 0.14385964912280702 0.34035087719298246 0.2
0.3894736842105263 0.08771929824561403 0.11578947368421053 0.4070175438596491
0.5754385964912281 0.02456140350877193 0.30526315789473685 0.09473684210526316
0.056140350877192984 0.02456140350877193 0.10877192982456141 0.8105263157894737
0.021052631578947368 0.0035087719298245615 0.9754385964912281 0.0
0.031578947368421054 0.010526315789473684 0.007017543859649123 0.9508771929824561
0.7964912280701755 0.007017543859649123 0.07368421052631578 0.12280701754385964
0.1368421052631579 0.21052631578947367 0.03859649122807018 0.6140350877192983
MOTIF metacluster_1pattern_19
letter-probability matrix: alength= 4 w= 10 E= 0
0.20072992700729927 0.20437956204379562 0.16058394160583941 0.4343065693430657
0.2773722627737226 0.058394160583941604 0.20437956204379562 0.45985401459854014
0.0036496350364963502 0.948905109489051 0.014598540145985401 0.032846715328467155
0.6934306569343066 0.058394160583941604 0.11313868613138686 0.13503649635036497
0.0364963503649635 0.8868613138686131 0.0364963503649635 0.040145985401459854
0.7883211678832117 0.014598540145985401 0.08394160583941605 0.11313868613138686
0.01824817518248175 0.8832116788321168 0.010948905109489052 0.08759124087591241
0.08759124087591241 0.10583941605839416 0.09124087591240876 0.7153284671532847
0.040145985401459854 0.021897810218978103 0.8978102189781022 0.040145985401459854
0.14963503649635038 0.3248175182481752 0.10218978102189781 0.4233576642335766
MOTIF metacluster_1pattern_20
letter-probability matrix: alength= 4 w= 10 E= 0
0.5095785440613027 0.1111111111111111 0.1417624521072797 0.23754789272030652
0.8084291187739464 0.0421455938697318 0.04980842911877394 0.09961685823754789
0.632183908045977 0.13793103448275862 0.03065134099616858 0.19923371647509577
0.685823754789272 0.07279693486590039 0.04597701149425287 0.19540229885057472
0.9195402298850575 0.0038314176245210726 0.011494252873563218 0.06513409961685823
0.6206896551724138 0.09195402298850575 0.21455938697318008 0.07279693486590039
0.03065134099616858 0.9348659003831418 0.0038314176245210726 0.03065134099616858
0.7931034482758621 0.06513409961685823 0.08812260536398467 0.05363984674329502
0.4367816091954023 0.28735632183908044 0.1111111111111111 0.16475095785440613
0.3793103448275862 0.1839080459770115 0.16091954022988506 0.27586206896551724
MOTIF metacluster_1pattern_21
letter-probability matrix: alength= 4 w= 10 E= 0
0.9262672811059908 0.013824884792626729 0.03225806451612903 0.027649769585253458
0.004608294930875576 0.9723502304147466 0.013824884792626729 0.009216589861751152
0.6912442396313364 0.11981566820276497 0.1152073732718894 0.07373271889400922
0.7142857142857143 0.04608294930875576 0.12903225806451613 0.11059907834101383
0.4608294930875576 0.07834101382488479 0.16129032258064516 0.2995391705069124
0.1935483870967742 0.22119815668202766 0.0967741935483871 0.48847926267281105
0.08294930875576037 0.0967741935483871 0.7096774193548387 0.11059907834101383
0.11981566820276497 0.3640552995391705 0.10138248847926268 0.4147465437788018
0.2304147465437788 0.14285714285714285 0.33640552995391704 0.2903225806451613
0.271889400921659 0.17511520737327188 0.15207373271889402 0.4009216589861751
MOTIF metacluster_1pattern_22
letter-probability matrix: alength= 4 w= 10 E= 0
0.5829145728643216 0.04020100502512563 0.06030150753768844 0.3165829145728643
0.6532663316582915 0.03015075376884422 0.08040201005025126 0.23618090452261306
0.2613065326633166 0.06532663316582915 0.05025125628140704 0.6231155778894473
0.1407035175879397 0.03015075376884422 0.02512562814070352 0.8040201005025126
0.9447236180904522 0.01507537688442211 0.0 0.04020100502512563
0.7788944723618091 0.04522613065326633 0.09547738693467336 0.08040201005025126
0.1658291457286432 0.3768844221105528 0.04020100502512563 0.41708542713567837
0.4723618090452261 0.06030150753768844 0.06030150753768844 0.40703517587939697
0.4120603015075377 0.135678391959799 0.1658291457286432 0.2864321608040201
0.2814070351758794 0.20100502512562815 0.16080402010050251 0.35678391959798994
MOTIF metacluster_1pattern_23
letter-probability matrix: alength= 4 w= 10 E= 0
0.9387755102040817 0.015306122448979591 0.02040816326530612 0.025510204081632654
0.0 0.9591836734693877 0.01020408163265306 0.030612244897959183
0.8112244897959183 0.061224489795918366 0.08163265306122448 0.04591836734693878
0.20408163265306123 0.20408163265306123 0.08673469387755102 0.5051020408163265
0.7397959183673469 0.015306122448979591 0.21428571428571427 0.030612244897959183
0.05102040816326531 0.11734693877551021 0.025510204081632654 0.8061224489795918
0.8214285714285714 0.025510204081632654 0.11224489795918367 0.04081632653061224
0.0663265306122449 0.44387755102040816 0.05102040816326531 0.4387755102040816
0.5459183673469388 0.09693877551020408 0.1683673469387755 0.18877551020408162
0.25510204081632654 0.22448979591836735 0.12244897959183673 0.3979591836734694
MOTIF metacluster_1pattern_24
letter-probability matrix: alength= 4 w= 10 E= 0
0.25263157894736843 0.2 0.20526315789473684 0.34210526315789475
0.4789473684210526 0.10526315789473684 0.2789473684210526 0.1368421052631579
0.6421052631578947 0.12105263157894737 0.07894736842105263 0.15789473684210525
0.8842105263157894 0.03684210526315789 0.04736842105263158 0.031578947368421054
0.9473684210526315 0.010526315789473684 0.0 0.042105263157894736
0.7526315789473684 0.11052631578947368 0.031578947368421054 0.10526315789473684
0.4473684210526316 0.18421052631578946 0.005263157894736842 0.3631578947368421
0.9526315789473684 0.015789473684210527 0.015789473684210527 0.015789473684210527
0.3157894736842105 0.042105263157894736 0.4263157894736842 0.21578947368421053
0.031578947368421054 0.9421052631578948 0.010526315789473684 0.015789473684210527
MOTIF metacluster_1pattern_25
letter-probability matrix: alength= 4 w= 10 E= 0
0.37272727272727274 0.24545454545454545 0.2636363636363636 0.11818181818181818
0.23636363636363636 0.45454545454545453 0.05454545454545454 0.2545454545454545
0.5636363636363636 0.11818181818181818 0.14545454545454545 0.17272727272727273
0.32727272727272727 0.03636363636363636 0.2818181818181818 0.35454545454545455
0.16363636363636364 0.00909090909090909 0.8181818181818182 0.00909090909090909
0.0 0.01818181818181818 0.0 0.9818181818181818
0.990909090909091 0.0 0.0 0.00909090909090909
0.01818181818181818 0.09090909090909091 0.01818181818181818 0.8727272727272727
0.4636363636363636 0.0 0.36363636363636365 0.17272727272727273
0.05454545454545454 0.18181818181818182 0.12727272727272726 0.6363636363636364
MOTIF metacluster_1pattern_26
letter-probability matrix: alength= 4 w= 10 E= 0
0.3055555555555556 0.08333333333333333 0.2222222222222222 0.3888888888888889
0.08333333333333333 0.3888888888888889 0.4166666666666667 0.1111111111111111
0.2777777777777778 0.4722222222222222 0.16666666666666666 0.08333333333333333
0.4444444444444444 0.1388888888888889 0.08333333333333333 0.3333333333333333
0.05555555555555555 0.25 0.5833333333333334 0.1111111111111111
0.1111111111111111 0.4722222222222222 0.3611111111111111 0.05555555555555555
0.5555555555555556 0.0 0.05555555555555555 0.3888888888888889
0.05555555555555555 0.16666666666666666 0.6666666666666666 0.1111111111111111
0.3055555555555556 0.16666666666666666 0.3888888888888889 0.1388888888888889
0.19444444444444445 0.0 0.05555555555555555 0.75
MOTIF metacluster_2pattern_0
letter-probability matrix: alength= 4 w= 10 E= 0
0.2727272727272727 0.17987012987012987 0.21038961038961038 0.337012987012987
0.36103896103896105 0.1590909090909091 0.30616883116883115 0.1737012987012987
0.19188311688311688 0.10032467532467533 0.125 0.5827922077922078
0.03896103896103896 0.02077922077922078 0.9178571428571428 0.022402597402597403
0.1737012987012987 0.11785714285714285 0.11493506493506493 0.5935064935064935
0.06493506493506493 0.03409090909090909 0.8616883116883117 0.039285714285714285
0.18474025974025973 0.1340909090909091 0.237987012987013 0.4431818181818182
0.09123376623376624 0.044805194805194806 0.8074675324675324 0.05649350649350649
0.17175324675324674 0.22987012987012986 0.17597402597402598 0.4224025974025974
0.15616883116883118 0.11948051948051948 0.6038961038961039 0.12045454545454545
MOTIF metacluster_2pattern_1
letter-probability matrix: alength= 4 w= 10 E= 0
0.14509480626545754 0.2671063478977741 0.36273701566364386 0.22506183017312448
0.2341302555647156 0.32481450948062657 0.2745259686727123 0.1665292662819456
0.25968672712283597 0.43033800494641383 0.14921681780708987 0.16075845012366036
0.6018136850783182 0.09727947238252267 0.18136850783182193 0.11953833470733718
0.30667765869744434 0.09315746084089035 0.07254740313272877 0.5276174773289365
0.038746908491343775 0.009068425391591096 0.9389942291838417 0.013190436933223413
0.07502061005770816 0.060181368507831824 0.06924979389942292 0.7955482275350371
0.013190436933223413 0.00247320692497939 0.9777411376751854 0.006595218466611707
0.07584501236603462 0.7683429513602638 0.04699093157460841 0.10882110469909316
0.5465787304204451 0.14179719703215168 0.15333882934872217 0.15828524319868095
MOTIF metacluster_2pattern_2
letter-probability matrix: alength= 4 w= 10 E= 0
0.21608040201005024 0.10427135678391959 0.5238693467336684 0.15577889447236182
0.23366834170854273 0.3706030150753769 0.1708542713567839 0.22487437185929648
0.3341708542713568 0.17462311557788945 0.3756281407035176 0.11557788944723618
0.5640703517587939 0.052763819095477386 0.17462311557788945 0.20854271356783918
0.6922110552763819 0.05150753768844221 0.1972361809045226 0.059045226130653265
0.20100502512562815 0.04648241206030151 0.1984924623115578 0.5540201005025126
0.016331658291457288 0.0037688442211055275 0.9711055276381909 0.008793969849246231
0.04522613065326633 0.878140703517588 0.038944723618090454 0.03768844221105527
0.5163316582914573 0.17587939698492464 0.12562814070351758 0.18216080402010051
0.33291457286432163 0.2650753768844221 0.1092964824120603 0.292713567839196
MOTIF metacluster_2pattern_3
letter-probability matrix: alength= 4 w= 10 E= 0
