MEME version 5
ALPHABET= ACGT
strands: +
Background letter frequencies
A 0.29 C 0.21 G 0.21 T 0.29
MOTIF metacluster_0pattern_0
letter-probability matrix: alength= 4 w= 10 E= 0
0.24402308326463315 0.2683429513602638 0.190436933223413 0.29719703215169
0.1718878812860676 0.06389117889530091 0.06100577081615829 0.7032151690024732
0.8252267106347898 0.03215169002473207 0.05688375927452597 0.08573784006595218
0.055647155812036275 0.10305028854080792 0.0845012366034625 0.7568013190436933
0.013190436933223413 0.9740313272877164 0.002061005770816158 0.010717230008244023
0.006595218466611707 0.0008244023083264633 0.9872217642209398 0.0053586150041220115
0.59439406430338 0.14962901896125308 0.11871393239901072 0.13726298433635614
0.19084913437757625 0.12654575432811213 0.0820280296784831 0.6005770816158286
0.34047815333882936 0.12283594394064304 0.1640560593569662 0.3726298433635614
0.27287716405605933 0.13066776586974443 0.3062654575432811 0.2901896125309151
MOTIF metacluster_0pattern_1
letter-probability matrix: alength= 4 w= 10 E= 0
0.31364349189754315 0.26136957658128596 0.14166231050705697 0.28332462101411393
0.4087820177731312 0.1620491374803973 0.1651855723993727 0.2639832723470988
0.5948771562990068 0.15838996340825928 0.0982749607945635 0.14845791949817042
0.5499215891270256 0.07318348144276006 0.18086774699424987 0.19602718243596445
0.013591217982226868 0.9618400418191323 0.01150026136957658 0.013068478829064296
0.8625196027182436 0.024046001045478306 0.041296393099843176 0.07213800313643493
0.03606900156821746 0.01986408782017773 0.9053842132775745 0.03868269733403032
0.10193413486670151 0.7684265551489806 0.03240982749607946 0.09722948248823837
0.030318870883429168 0.09147935180345008 0.028750653423941452 0.8494511238891793
0.1301620491374804 0.09879769994772608 0.6231050705697857 0.14793518034500783
MOTIF metacluster_0pattern_2
letter-probability matrix: alength= 4 w= 10 E= 0
0.09877264757451783 0.5669199298655757 0.09526592635885447 0.23904149620105203
0.1636469900642899 0.1016949152542373 0.13676212741087085 0.597895967270602
0.03623611922852133 0.847457627118644 0.026300409117475162 0.09000584453535944
0.14611338398597312 0.011689070718877849 0.08299240210403273 0.7592051431911163
0.015780245470485097 0.9473991817650497 0.01694915254237288 0.019871420222092345
0.16598480420806547 0.01694915254237288 0.07890122735242548 0.7381648158971362
0.04208065458796026 0.874926943308007 0.04500292226767972 0.03798947983635301
0.14436002337814144 0.04792518994739918 0.18877849210987727 0.6189362945645821
0.14611338398597312 0.342489772063121 0.18877849210987727 0.32261835184102866
0.17884278199883108 0.2074810052600818 0.19929865575686734 0.41437755698421974
MOTIF metacluster_0pattern_3
letter-probability matrix: alength= 4 w= 10 E= 0
0.3275862068965517 0.27478448275862066 0.1400862068965517 0.25754310344827586
0.23706896551724138 0.11314655172413793 0.4224137931034483 0.2273706896551724
0.2952586206896552 0.35560344827586204 0.10991379310344827 0.23922413793103448
0.18642241379310345 0.10883620689655173 0.5614224137931034 0.14331896551724138
0.30280172413793105 0.09698275862068965 0.18857758620689655 0.41163793103448276
0.3114224137931034 0.1584051724137931 0.3297413793103448 0.20043103448275862
0.4525862068965517 0.04310344827586207 0.2769396551724138 0.2273706896551724
0.0334051724137931 0.9224137931034483 0.0021551724137931034 0.04202586206896552
0.022629310344827586 0.007543103448275862 0.9579741379310345 0.011853448275862068
0.17780172413793102 0.4019396551724138 0.03556034482758621 0.38469827586206895
MOTIF metacluster_0pattern_4
letter-probability matrix: alength= 4 w= 10 E= 0
0.3068535825545171 0.24454828660436137 0.16043613707165108 0.2881619937694704
0.29283489096573206 0.17757009345794392 0.35202492211838005 0.17757009345794392
0.3426791277258567 0.0264797507788162 0.26791277258566976 0.3629283489096573
0.017133956386292833 0.9672897196261683 0.001557632398753894 0.014018691588785047
0.006230529595015576 0.001557632398753894 0.9890965732087228 0.003115264797507788
0.24766355140186916 0.17601246105919002 0.04205607476635514 0.5342679127725857
0.014018691588785047 0.940809968847352 0.006230529595015576 0.03894080996884735
0.08099688473520249 0.009345794392523364 0.8691588785046729 0.040498442367601244
0.27102803738317754 0.32398753894080995 0.19158878504672897 0.21339563862928349
0.16666666666666666 0.3302180685358255 0.17289719626168223 0.3302180685358255
MOTIF metacluster_0pattern_5
letter-probability matrix: alength= 4 w= 10 E= 0
0.13112164296998421 0.13902053712480253 0.37756714060031593 0.3522906793048973
0.13744075829383887 0.4707740916271722 0.11374407582938388 0.27804107424960506
0.009478672985781991 0.001579778830963665 0.981042654028436 0.007898894154818325
0.014218009478672985 0.9036334913112164 0.017377567140600316 0.06477093206951026
0.06951026856240126 0.004739336492890996 0.020537124802527645 0.9052132701421801
0.07582938388625593 0.7187993680884676 0.04107424960505529 0.16429699842022116
0.16113744075829384 0.001579778830963665 0.08214849921011058 0.7551342812006319
0.00631911532385466 0.9889415481832543 0.004739336492890996 0.0
0.2259083728278041 0.030015797788309637 0.33965244865718797 0.40442338072669826
0.2685624012638231 0.22906793048973143 0.23380726698262244 0.2685624012638231
MOTIF metacluster_0pattern_6
letter-probability matrix: alength= 4 w= 10 E= 0
0.4591503267973856 0.14052287581699346 0.1568627450980392 0.2434640522875817
0.553921568627451 0.14869281045751634 0.119281045751634 0.1781045751633987
0.8741830065359477 0.04084967320261438 0.03431372549019608 0.05065359477124183
0.7320261437908496 0.07026143790849673 0.10620915032679738 0.0915032679738562
0.05555555555555555 0.8643790849673203 0.008169934640522876 0.0718954248366013
0.8856209150326797 0.05065359477124183 0.017973856209150325 0.0457516339869281
0.09803921568627451 0.016339869281045753 0.8415032679738562 0.04411764705882353
0.119281045751634 0.7794117647058824 0.00980392156862745 0.0915032679738562
0.5147058823529411 0.0784313725490196 0.3284313725490196 0.0784313725490196
0.3006535947712418 0.2238562091503268 0.3300653594771242 0.1454248366013072
MOTIF metacluster_0pattern_7
letter-probability matrix: alength= 4 w= 10 E= 0
0.27408637873754155 0.19601328903654486 0.37375415282392027 0.15614617940199335
0.5481727574750831 0.10631229235880399 0.1345514950166113 0.21096345514950166
0.8073089700996677 0.03820598006644518 0.059800664451827246 0.0946843853820598
0.8803986710963455 0.024916943521594685 0.006644518272425249 0.08803986710963455
0.9501661129568106 0.009966777408637873 0.02159468438538206 0.018272425249169437
0.02159468438538206 0.9617940199335548 0.0 0.016611295681063124
0.867109634551495 0.059800664451827246 0.036544850498338874 0.036544850498338874
0.4950166112956811 0.14950166112956811 0.132890365448505 0.22259136212624583
0.42358803986710963 0.14119601328903655 0.1744186046511628 0.260797342192691
0.27740863787375414 0.1877076411960133 0.12292358803986711 0.4119601328903654
MOTIF metacluster_0pattern_8
letter-probability matrix: alength= 4 w= 10 E= 0
0.4044526901669759 0.04267161410018553 0.1261595547309833 0.4267161410018553
0.47866419294990725 0.05009276437847866 0.027829313543599257 0.44341372912801486
0.7996289424860853 0.0074211502782931356 0.016697588126159554 0.17625231910946196
0.9128014842300557 0.012987012987012988 0.0 0.07421150278293136
0.8478664192949907 0.02411873840445269 0.03339517625231911 0.09461966604823747
0.12430426716141002 0.3747680890538033 0.012987012987012988 0.48794063079777367
0.5380333951762524 0.07235621521335807 0.10204081632653061 0.287569573283859
0.3654916512059369 0.15769944341372913 0.14842300556586271 0.32838589981447125
0.3525046382189239 0.19109461966604824 0.17810760667903525 0.2782931354359926
0.2820037105751391 0.09833024118738404 0.137291280148423 0.48237476808905383
MOTIF metacluster_0pattern_9
letter-probability matrix: alength= 4 w= 10 E= 0
0.13320825515947468 0.0675422138836773 0.4446529080675422 0.3545966228893058
0.043151969981238276 0.8555347091932458 0.02626641651031895 0.075046904315197
0.08630393996247655 0.0 0.8555347091932458 0.058161350844277676
0.0375234521575985 0.8649155722326454 0.009380863039399626 0.08818011257035648
0.16135084427767354 0.0525328330206379 0.11444652908067542 0.6716697936210131
0.11632270168855535 0.6960600375234521 0.06191369606003752 0.12570356472795496
0.08067542213883677 0.016885553470919325 0.8705440900562852 0.03189493433395872
0.11444652908067542 0.6716697936210131 0.06378986866791744 0.150093808630394
0.1575984990619137 0.09380863039399624 0.2964352720450281 0.4521575984990619
0.26454033771106944 0.21200750469043153 0.23076923076923078 0.2926829268292683
MOTIF metacluster_0pattern_10
letter-probability matrix: alength= 4 w= 10 E= 0
0.2650375939849624 0.13345864661654136 0.30639097744360905 0.2951127819548872
0.3101503759398496 0.34774436090225563 0.09398496240601503 0.24812030075187969
0.3458646616541353 0.21804511278195488 0.07142857142857142 0.36466165413533835
0.5958646616541353 0.041353383458646614 0.07330827067669173 0.2894736842105263
0.02443609022556391 0.9041353383458647 0.016917293233082706 0.05451127819548872
0.9605263157894737 0.0018796992481203006 0.005639097744360902 0.03195488721804511
0.0037593984962406013 0.9755639097744361 0.015037593984962405 0.005639097744360902
0.15225563909774437 0.043233082706766915 0.05075187969924812 0.7537593984962406
0.06954887218045112 0.005639097744360902 0.881578947368421 0.043233082706766915
0.2424812030075188 0.13157894736842105 0.13721804511278196 0.48872180451127817
MOTIF metacluster_0pattern_11
letter-probability matrix: alength= 4 w= 10 E= 0
0.36257309941520466 0.15594541910331383 0.21442495126705652 0.26705653021442494
0.18323586744639375 0.3996101364522417 0.16569200779727095 0.25146198830409355
0.42884990253411304 0.08382066276803118 0.13255360623781676 0.35477582846003897
0.09161793372319688 0.695906432748538 0.011695906432748537 0.20077972709551656
0.8011695906432749 0.025341130604288498 0.07017543859649122 0.10331384015594541
0.021442495126705652 0.9395711500974658 0.01364522417153996 0.025341130604288498
0.8791423001949318 0.02729044834307992 0.03508771929824561 0.05847953216374269
0.01364522417153996 0.8869395711500975 0.031189083820662766 0.0682261208576998
0.25146198830409355 0.16569200779727095 0.04873294346978557 0.5341130604288499
0.20662768031189083 0.2807017543859649 0.13060428849902533 0.3820662768031189
MOTIF metacluster_0pattern_12
letter-probability matrix: alength= 4 w= 10 E= 0
0.12931034482758622 0.0625 0.4827586206896552 0.3254310344827586
0.08189655172413793 0.6573275862068966 0.04525862068965517 0.21551724137931033
0.01293103448275862 0.0 0.9806034482758621 0.00646551724137931
0.004310344827586207 0.9568965517241379 0.004310344827586207 0.034482758620689655
0.12931034482758622 0.00646551724137931 0.00646551724137931 0.8577586206896551
0.08189655172413793 0.7823275862068966 0.028017241379310345 0.10775862068965517
0.16594827586206898 0.017241379310344827 0.032327586206896554 0.7844827586206896
0.25 0.03017241379310345 0.27586206896551724 0.44396551724137934
0.21336206896551724 0.15301724137931033 0.20689655172413793 0.4267241379310345
0.15517241379310345 0.2952586206896552 0.1810344827586207 0.36853448275862066
MOTIF metacluster_0pattern_13
letter-probability matrix: alength= 4 w= 10 E= 0
0.23555555555555555 0.32222222222222224 0.1111111111111111 0.33111111111111113
0.3244444444444444 0.27555555555555555 0.08444444444444445 0.31555555555555553
0.10444444444444445 0.035555555555555556 0.7066666666666667 0.15333333333333332
0.011111111111111112 0.96 0.0044444444444444444 0.024444444444444446
0.6466666666666666 0.008888888888888889 0.12666666666666668 0.21777777777777776
0.006666666666666667 0.9333333333333333 0.011111111111111112 0.04888888888888889
0.03333333333333333 0.015555555555555555 0.017777777777777778 0.9333333333333333
0.015555555555555555 0.0044444444444444444 0.9622222222222222 0.017777777777777778
0.16444444444444445 0.17333333333333334 0.06222222222222222 0.6
0.18444444444444444 0.06666666666666667 0.13111111111111112 0.6177777777777778
MOTIF metacluster_0pattern_14
letter-probability matrix: alength= 4 w= 10 E= 0
0.3761904761904762 0.18571428571428572 0.17142857142857143 0.26666666666666666
0.38333333333333336 0.2357142857142857 0.1 0.28095238095238095
0.45476190476190476 0.04047619047619048 0.21428571428571427 0.2904761904761905
0.02619047619047619 0.9119047619047619 0.009523809523809525 0.05238095238095238
0.9261904761904762 0.007142857142857143 0.0380952380952381 0.02857142857142857
0.01904761904761905 0.8761904761904762 0.007142857142857143 0.09761904761904762
0.28809523809523807 0.21904761904761905 0.030952380952380953 0.46190476190476193
0.10714285714285714 0.11190476190476191 0.030952380952380953 0.75
0.02857142857142857 0.007142857142857143 0.9571428571428572 0.007142857142857143
0.12142857142857143 0.21666666666666667 0.047619047619047616 0.6142857142857143
MOTIF metacluster_0pattern_15
letter-probability matrix: alength= 4 w= 10 E= 0
0.1089588377723971 0.03631961259079903 0.5932203389830508 0.26150121065375304
0.012106537530266344 0.8958837772397095 0.031476997578692496 0.06053268765133172
0.06053268765133172 0.009685230024213076 0.864406779661017 0.06537530266343826
0.024213075060532687 0.9418886198547215 0.007263922518159807 0.026634382566585957
0.18886198547215496 0.012106537530266344 0.7627118644067796 0.03631961259079903
0.08232445520581114 0.6852300242130751 0.09685230024213075 0.13559322033898305
0.2857142857142857 0.06779661016949153 0.07263922518159806 0.5738498789346247
0.1234866828087167 0.5544794188861986 0.1016949152542373 0.22033898305084745
0.3220338983050847 0.12106537530266344 0.2929782082324455 0.2639225181598063
0.20823244552058112 0.23728813559322035 0.23728813559322035 0.3171912832929782
MOTIF metacluster_0pattern_16
letter-probability matrix: alength= 4 w= 10 E= 0
0.5641646489104116 0.17191283292978207 0.06779661016949153 0.19612590799031476
0.1162227602905569 0.04600484261501211 0.6610169491525424 0.17675544794188863
0.24455205811138014 0.6101694915254238 0.002421307506053269 0.14285714285714285
0.014527845036319613 0.004842615012106538 0.9709443099273608 0.009685230024213076
0.2009685230024213 0.7288135593220338 0.012106537530266344 0.05811138014527845
0.34624697336561744 0.21549636803874092 0.1694915254237288 0.2687651331719128
0.2639225181598063 0.1162227602905569 0.3898305084745763 0.23002421307506055
0.26150121065375304 0.4188861985472155 0.1162227602905569 0.2033898305084746
0.14769975786924938 0.026634382566585957 0.6852300242130751 0.14043583535108958
0.1791767554479419 0.6610169491525424 0.021791767554479417 0.13801452784503632
MOTIF metacluster_0pattern_17
letter-probability matrix: alength= 4 w= 10 E= 0
0.29198966408268734 0.12144702842377261 0.15762273901808785 0.4289405684754522
0.2041343669250646 0.5478036175710594 0.0103359173126615 0.23772609819121446
0.772609819121447 0.002583979328165375 0.082687338501292 0.1421188630490956
0.015503875968992248 0.9741602067183462 0.007751937984496124 0.002583979328165375
0.875968992248062 0.028423772609819122 0.023255813953488372 0.07235142118863049
0.16279069767441862 0.3798449612403101 0.14470284237726097 0.31266149870801035
0.2222222222222222 0.17571059431524547 0.06718346253229975 0.5348837209302325
0.028423772609819122 0.002583979328165375 0.9534883720930233 0.015503875968992248
0.046511627906976744 0.7183462532299741 0.03875968992248062 0.19638242894056848
0.2661498708010336 0.06201550387596899 0.22739018087855298 0.4444444444444444
MOTIF metacluster_0pattern_18
letter-probability matrix: alength= 4 w= 10 E= 0
0.4642857142857143 0.1978021978021978 0.12087912087912088 0.21703296703296704
0.08791208791208792 0.008241758241758242 0.7554945054945055 0.14835164835164835
0.02197802197802198 0.9532967032967034 0.0027472527472527475 0.02197802197802198
0.1043956043956044 0.008241758241758242 0.8269230769230769 0.06043956043956044
0.12637362637362637 0.7142857142857143 0.024725274725274724 0.1346153846153846
0.2664835164835165 0.1813186813186813 0.08241758241758242 0.4697802197802198
0.02197802197802198 0.008241758241758242 0.945054945054945 0.024725274725274724
0.12912087912087913 0.6730769230769231 0.0521978021978022 0.14560439560439561
0.1978021978021978 0.0989010989010989 0.14835164835164835 0.554945054945055
0.23901098901098902 0.32142857142857145 0.13736263736263737 0.3021978021978022
MOTIF metacluster_0pattern_19
letter-probability matrix: alength= 4 w= 10 E= 0
0.742296918767507 0.01680672268907563 0.13445378151260504 0.10644257703081232
0.1092436974789916 0.09803921568627451 0.008403361344537815 0.7843137254901961
0.9719887955182073 0.0 0.011204481792717087 0.01680672268907563
0.0 0.9803921568627451 0.0 0.0196078431372549
0.7843137254901961 0.05042016806722689 0.056022408963585436 0.1092436974789916
0.21008403361344538 0.10644257703081232 0.056022408963585436 0.6274509803921569
0.40896358543417366 0.12324929971988796 0.0700280112044818 0.39775910364145656
0.1792717086834734 0.12605042016806722 0.1792717086834734 0.5154061624649859
0.28291316526610644 0.3081232492997199 0.21288515406162464 0.19607843137254902
0.21568627450980393 0.19327731092436976 0.226890756302521 0.3641456582633053
MOTIF metacluster_0pattern_20
letter-probability matrix: alength= 4 w= 10 E= 0
0.5128205128205128 0.039886039886039885 0.33048433048433046 0.1168091168091168
0.06837606837606838 0.09401709401709402 0.011396011396011397 0.8262108262108262
0.9344729344729344 0.014245014245014245 0.022792022792022793 0.02849002849002849
0.0 0.9686609686609686 0.0 0.03133903133903134
0.8974358974358975 0.014245014245014245 0.06552706552706553 0.022792022792022793
0.04843304843304843 0.05413105413105413 0.022792022792022793 0.8746438746438746
0.8290598290598291 0.05128205128205128 0.08262108262108261 0.037037037037037035
0.022792022792022793 0.02849002849002849 0.019943019943019943 0.9287749287749287
0.06552706552706553 0.011396011396011397 0.9031339031339032 0.019943019943019943
0.07692307692307693 0.07692307692307693 0.09401709401709402 0.7521367521367521
MOTIF metacluster_0pattern_21
letter-probability matrix: alength= 4 w= 10 E= 0
0.3052959501557632 0.04984423676012461 0.4143302180685358 0.23052959501557632
0.009345794392523364 0.9657320872274143 0.003115264797507788 0.021806853582554516
0.6542056074766355 0.06542056074766354 0.1588785046728972 0.12149532710280374
0.01557632398753894 0.9252336448598131 0.009345794392523364 0.04984423676012461
0.7757009345794392 0.003115264797507788 0.04361370716510903 0.17757009345794392
0.0 0.9501557632398754 0.028037383177570093 0.021806853582554516
0.1557632398753894 0.056074766355140186 0.028037383177570093 0.7601246105919003
0.037383177570093455 0.009345794392523364 0.9345794392523364 0.018691588785046728
0.32398753894080995 0.19626168224299065 0.06853582554517133 0.411214953271028
0.20249221183800623 0.19626168224299065 0.34890965732087226 0.2523364485981308
MOTIF metacluster_0pattern_22
letter-probability matrix: alength= 4 w= 10 E= 0
0.5746031746031746 0.0380952380952381 0.20317460317460317 0.18412698412698414
0.13015873015873017 0.23809523809523808 0.015873015873015872 0.6158730158730159
0.8984126984126984 0.012698412698412698 0.012698412698412698 0.0761904761904762
0.006349206349206349 0.9873015873015873 0.0031746031746031746 0.0031746031746031746
0.8095238095238095 0.03492063492063492 0.06349206349206349 0.09206349206349207
0.14285714285714285 0.13968253968253969 0.05714285714285714 0.6603174603174603
0.6476190476190476 0.03492063492063492 0.09841269841269841 0.21904761904761905
0.0 0.9809523809523809 0.0031746031746031746 0.015873015873015872
0.2857142857142857 0.04126984126984127 0.5714285714285714 0.10158730158730159
0.16825396825396827 0.2698412698412698 0.07301587301587302 0.4888888888888889
MOTIF metacluster_0pattern_23
letter-probability matrix: alength= 4 w= 10 E= 0
0.056856187290969896 0.023411371237458192 0.05351170568561873 0.8662207357859532
0.06020066889632107 0.8060200668896321 0.056856187290969896 0.07692307692307693
0.919732441471572 0.0 0.03678929765886288 0.043478260869565216
0.010033444816053512 0.9464882943143813 0.016722408026755852 0.026755852842809364
0.7892976588628763 0.05016722408026756 0.06688963210702341 0.09364548494983277
0.043478260869565216 0.568561872909699 0.27424749163879597 0.11371237458193979
0.08361204013377926 0.07357859531772576 0.06354515050167224 0.7792642140468228
0.10033444816053512 0.03678929765886288 0.7892976588628763 0.07357859531772576
0.17725752508361203 0.28762541806020064 0.33444816053511706 0.20066889632107024
0.22408026755852842 0.3010033444816054 0.1806020066889632 0.29431438127090304
MOTIF metacluster_0pattern_24
letter-probability matrix: alength= 4 w= 10 E= 0
0.6007604562737643 0.11406844106463879 0.1520912547528517 0.13307984790874525
0.6273764258555133 0.10646387832699619 0.13688212927756654 0.12927756653992395
0.5171102661596958 0.23193916349809887 0.155893536121673 0.09505703422053231
0.9239543726235742 0.022813688212927757 0.0 0.053231939163498096
0.9239543726235742 0.015209125475285171 0.057034220532319393 0.0038022813688212928
0.011406844106463879 0.9619771863117871 0.0038022813688212928 0.022813688212927757
0.9467680608365019 0.011406844106463879 0.0038022813688212928 0.03802281368821293
0.8631178707224335 0.07604562737642585 0.034220532319391636 0.026615969581749048
0.11406844106463879 0.7338403041825095 0.034220532319391636 0.11787072243346007
0.8212927756653993 0.015209125475285171 0.045627376425855515 0.11787072243346007
MOTIF metacluster_0pattern_25
letter-probability matrix: alength= 4 w= 10 E= 0
0.350597609561753 0.17131474103585656 0.27091633466135456 0.20717131474103587
0.6812749003984063 0.16334661354581673 0.08366533864541832 0.07171314741035857
0.8685258964143426 0.05179282868525897 0.01195219123505976 0.06772908366533864
0.6254980079681275 0.027888446215139442 0.22709163346613545 0.11952191235059761
0.9840637450199203 0.00398406374501992 0.0 0.01195219123505976
0.01593625498007968 0.0 0.9840637450199203 0.0
0.0 0.9960159362549801 0.0 0.00398406374501992
0.1394422310756972 0.055776892430278883 0.0199203187250996 0.7848605577689243
0.18725099601593626 0.14342629482071714 0.3386454183266932 0.33067729083665337
0.2151394422310757 0.0796812749003984 0.26693227091633465 0.43824701195219123
MOTIF metacluster_0pattern_26
letter-probability matrix: alength= 4 w= 10 E= 0
0.3940677966101695 0.07627118644067797 0.15254237288135594 0.3771186440677966
0.2330508474576271 0.5211864406779662 0.038135593220338986 0.2076271186440678
0.8050847457627118 0.00423728813559322 0.11016949152542373 0.08050847457627118
0.0 0.9661016949152542 0.0 0.03389830508474576
0.940677966101695 0.00423728813559322 0.0211864406779661 0.03389830508474576
0.046610169491525424 0.5 0.025423728813559324 0.4279661016949153
0.11016949152542373 0.059322033898305086 0.8008474576271186 0.029661016949152543
0.046610169491525424 0.06779661016949153 0.0211864406779661 0.864406779661017
0.11440677966101695 0.0847457627118644 0.6694915254237288 0.13135593220338984
0.23728813559322035 0.2838983050847458 0.13559322033898305 0.3432203389830508
MOTIF metacluster_0pattern_27
letter-probability matrix: alength= 4 w= 10 E= 0
0.3176470588235294 0.17058823529411765 0.23529411764705882 0.27647058823529413
0.1411764705882353 0.7058823529411765 0.07058823529411765 0.08235294117647059
0.6470588235294118 0.041176470588235294 0.12352941176470589 0.18823529411764706
0.24705882352941178 0.03529411764705882 0.5 0.21764705882352942
0.8235294117647058 0.011764705882352941 0.047058823529411764 0.11764705882352941
0.011764705882352941 0.9705882352941176 0.0058823529411764705 0.011764705882352941
0.01764705882352941 0.1 0.01764705882352941 0.8647058823529412
0.0058823529411764705 0.0 0.9882352941176471 0.0058823529411764705
0.23529411764705882 0.08235294117647059 0.10588235294117647 0.5764705882352941
0.21176470588235294 0.07647058823529412 0.14705882352941177 0.5647058823529412
MOTIF metacluster_0pattern_28
letter-probability matrix: alength= 4 w= 10 E= 0
0.41566265060240964 0.0963855421686747 0.26506024096385544 0.22289156626506024
0.7469879518072289 0.06626506024096386 0.09036144578313253 0.0963855421686747
0.8433734939759037 0.04216867469879518 0.060240963855421686 0.05421686746987952
0.8674698795180723 0.018072289156626505 0.0 0.1144578313253012
0.8493975903614458 0.018072289156626505 0.04819277108433735 0.08433734939759036
0.04819277108433735 0.23493975903614459 0.006024096385542169 0.7108433734939759
0.9518072289156626 0.006024096385542169 0.024096385542168676 0.018072289156626505
0.04819277108433735 0.8313253012048193 0.024096385542168676 0.0963855421686747
0.21686746987951808 0.3855421686746988 0.1144578313253012 0.28313253012048195
0.45180722891566266 0.10240963855421686 0.24096385542168675 0.20481927710843373
MOTIF metacluster_0pattern_29
letter-probability matrix: alength= 4 w= 10 E= 0
0.2066115702479339 0.3884297520661157 0.2231404958677686 0.18181818181818182
0.3305785123966942 0.12396694214876033 0.4049586776859504 0.14049586776859505
0.1487603305785124 0.6033057851239669 0.15702479338842976 0.09090909090909091
0.008264462809917356 0.01652892561983471 0.9421487603305785 0.03305785123966942
0.39669421487603307 0.1487603305785124 0.2809917355371901 0.17355371900826447
0.3305785123966942 0.10743801652892562 0.256198347107438 0.30578512396694213
0.04132231404958678 0.34710743801652894 0.4628099173553719 0.1487603305785124
0.2975206611570248 0.34710743801652894 0.0743801652892562 0.2809917355371901
0.19834710743801653 0.2809917355371901 0.2066115702479339 0.3140495867768595
0.09090909090909091 0.5041322314049587 0.256198347107438 0.1487603305785124
MOTIF metacluster_0pattern_30
letter-probability matrix: alength= 4 w= 10 E= 0
0.8050847457627118 0.03389830508474576 0.07627118644067797 0.0847457627118644
0.11864406779661017 0.6016949152542372 0.01694915254237288 0.2627118644067797
0.8220338983050848 0.01694915254237288 0.13559322033898305 0.025423728813559324
0.03389830508474576 0.09322033898305085 0.0 0.8728813559322034
1.0 0.0 0.0 0.0
0.0 0.923728813559322 0.0 0.07627118644067797
0.3728813559322034 0.2796610169491525 0.11016949152542373 0.23728813559322035
0.3898305084745763 0.05084745762711865 0.07627118644067797 0.4830508474576271
0.2627118644067797 0.03389830508474576 0.559322033898305 0.1440677966101695
0.19491525423728814 0.23728813559322035 0.1016949152542373 0.4661016949152542
MOTIF metacluster_0pattern_31
letter-probability matrix: alength= 4 w= 10 E= 0
0.782608695652174 0.05217391304347826 0.0782608695652174 0.08695652173913043
0.8956521739130435 0.017391304347826087 0.017391304347826087 0.06956521739130435
0.8869565217391304 0.017391304347826087 0.05217391304347826 0.043478260869565216
0.8260869565217391 0.008695652173913044 0.0 0.16521739130434782
0.4 0.008695652173913044 0.45217391304347826 0.1391304347826087
0.008695652173913044 0.991304347826087 0.0 0.0
0.5652173913043478 0.017391304347826087 0.3739130434782609 0.043478260869565216
0.30434782608695654 0.41739130434782606 0.06956521739130435 0.20869565217391303
0.30434782608695654 0.12173913043478261 0.2956521739130435 0.2782608695652174
0.33043478260869563 0.1565217391304348 0.11304347826086956 0.4
MOTIF metacluster_0pattern_32
letter-probability matrix: alength= 4 w= 10 E= 0
0.24242424242424243 0.24242424242424243 0.4393939393939394 0.07575757575757576
0.6060606060606061 0.015151515151515152 0.015151515151515152 0.36363636363636365
0.16666666666666666 0.5 0.22727272727272727 0.10606060606060606
0.09090909090909091 0.8484848484848485 0.045454545454545456 0.015151515151515152
0.5606060606060606 0.045454545454545456 0.07575757575757576 0.3181818181818182
0.045454545454545456 0.19696969696969696 0.696969696969697 0.06060606060606061
0.10606060606060606 0.4696969696969697 0.42424242424242425 0.0
0.30303030303030304 0.09090909090909091 0.16666666666666666 0.4393939393939394
0.07575757575757576 0.30303030303030304 0.5151515151515151 0.10606060606060606
0.16666666666666666 0.3484848484848485 0.3333333333333333 0.15151515151515152
MOTIF metacluster_0pattern_33
letter-probability matrix: alength= 4 w= 10 E= 0
0.10909090909090909 0.10909090909090909 0.2 0.5818181818181818
0.01818181818181818 0.7454545454545455 0.01818181818181818 0.21818181818181817
0.09090909090909091 0.01818181818181818 0.7090909090909091 0.18181818181818182
0.0 0.9818181818181818 0.0 0.01818181818181818
0.03636363636363636 0.01818181818181818 0.05454545454545454 0.8909090909090909
0.03636363636363636 0.8363636363636363 0.05454545454545454 0.07272727272727272
0.03636363636363636 0.0 0.10909090909090909 0.8545454545454545
0.0 0.9818181818181818 0.01818181818181818 0.0
0.03636363636363636 0.9636363636363636 0.0 0.0
0.18181818181818182 0.43636363636363634 0.21818181818181817 0.16363636363636364
MOTIF metacluster_0pattern_34
letter-probability matrix: alength= 4 w= 10 E= 0
0.4090909090909091 0.06818181818181818 0.22727272727272727 0.29545454545454547
0.25 0.09090909090909091 0.0 0.6590909090909091
0.9090909090909091 0.06818181818181818 0.0 0.022727272727272728
0.0 1.0 0.0 0.0
0.8181818181818182 0.045454545454545456 0.06818181818181818 0.06818181818181818
0.3409090909090909 0.1590909090909091 0.09090909090909091 0.4090909090909091
0.6136363636363636 0.045454545454545456 0.20454545454545456 0.13636363636363635
0.22727272727272727 0.022727272727272728 0.06818181818181818 0.6818181818181818
0.5681818181818182 0.045454545454545456 0.2727272727272727 0.11363636363636363
0.0 0.9545454545454546 0.045454545454545456 0.0
MOTIF metacluster_0pattern_35
letter-probability matrix: alength= 4 w= 10 E= 0
0.10256410256410256 0.0 0.7435897435897436 0.15384615384615385
0.717948717948718 0.02564102564102564 0.10256410256410256 0.15384615384615385
0.6923076923076923 0.02564102564102564 0.10256410256410256 0.1794871794871795
0.02564102564102564 0.02564102564102564 0.02564102564102564 0.9230769230769231
0.0 1.0 0.0 0.0
0.0 0.0 1.0 0.0
0.9230769230769231 0.0 0.02564102564102564 0.05128205128205128
0.6666666666666666 0.02564102564102564 0.0 0.3076923076923077
0.07692307692307693 0.02564102564102564 0.0 0.8974358974358975
0.02564102564102564 0.8461538461538461 0.10256410256410256 0.02564102564102564
MOTIF metacluster_0pattern_36
letter-probability matrix: alength= 4 w= 10 E= 0
0.11428571428571428 0.11428571428571428 0.42857142857142855 0.34285714285714286
0.08571428571428572 0.8 0.05714285714285714 0.05714285714285714
0.11428571428571428 0.11428571428571428 0.7428571428571429 0.02857142857142857
0.0 0.9428571428571428 0.0 0.05714285714285714
0.02857142857142857 0.9428571428571428 0.02857142857142857 0.0
0.02857142857142857 0.9142857142857143 0.02857142857142857 0.02857142857142857
0.11428571428571428 0.0 0.0 0.8857142857142857
0.0 0.9428571428571428 0.0 0.05714285714285714
0.2571428571428571 0.02857142857142857 0.34285714285714286 0.37142857142857144
0.2 0.42857142857142855 0.11428571428571428 0.2571428571428571
MOTIF metacluster_1pattern_0
letter-probability matrix: alength= 4 w= 10 E= 0
0.38440474638153604 0.10392489242404486 0.25609597079149826 0.25557439040292085
0.334072238883818 0.16312426652757855 0.1849002477506846 0.3179032468379189
0.2773503716260269 0.28504368235754335 0.30786282435780415 0.12974312165862564
0.007823705828660842 0.008214891120093885 0.009127656800104316 0.9748337462511409
0.0024775068457426 0.9889164167427305 0.0015647411657321686 0.007041335245794758
0.012648324423001695 0.9571000130395098 0.003781457817186074 0.026470204720302516
0.12922154127004826 0.030642847828921634 0.043551962446212025 0.7965836484548181
0.09571000130395098 0.12465771286999609 0.3858390924501239 0.39379319337592905
0.17251271352197156 0.24214369539705308 0.32194549484939367 0.26339809623158167
0.2836093362889555 0.207588994653801 0.23966618855131047 0.269135480505933
MOTIF metacluster_1pattern_1
letter-probability matrix: alength= 4 w= 10 E= 0
0.29524560021013924 0.12056737588652482 0.15392697662201207 0.4302600472813239
0.04281586551090097 0.046493301812450746 0.8318886262148674 0.07880220646178093
0.9758339900183872 0.006304176516942475 0.01182033096926714 0.006041502495403204
0.0036774363015497765 0.005778828473863935 0.0005253480430785396 0.9900183871815077
0.003414762280010507 0.9760966640399265 0.00998161281849225 0.010506960861570791
0.15734173890202258 0.5755187811925401 0.024954032046230628 0.24218544785920673
0.21171526136065144 0.1016548463356974 0.1008668242710796 0.5857630680325716
0.16995009193590754 0.2553191489361702 0.2773837667454689 0.2973469923824534
0.2910428158655109 0.1988442343052272 0.26792750197005516 0.24218544785920673
0.28184922511163646 0.19306540583136328 0.22301024428684002 0.30207512477016024
MOTIF metacluster_1pattern_2
letter-probability matrix: alength= 4 w= 10 E= 0
0.5129513343799058 0.1946624803767661 0.1185243328100471 0.173861852433281
0.652276295133438 0.16051805337519623 0.06907378335949764 0.11813186813186813
0.5313971742543171 0.18681318681318682 0.058084772370486655 0.2237048665620094
0.031004709576138146 0.004709576138147566 0.003532182103610675 0.9607535321821036
0.008241758241758242 0.009419152276295133 0.0027472527472527475 0.9795918367346939
0.4937205651491366 0.046703296703296704 0.16287284144427003 0.2967032967032967
0.8559654631083202 0.034929356357927786 0.04866562009419152 0.06043956043956044
0.14050235478806908 0.04434850863422292 0.09144427001569859 0.7237048665620094
0.14795918367346939 0.1781789638932496 0.315541601255887 0.358320251177394
0.31907378335949765 0.19858712715855573 0.2107535321821036 0.271585557299843
MOTIF metacluster_1pattern_3
letter-probability matrix: alength= 4 w= 10 E= 0
0.17467248908296942 0.11062590975254731 0.046579330422125184 0.6681222707423581
0.1572052401746725 0.1703056768558952 0.01601164483260553 0.6564774381368268
0.09606986899563319 0.13973799126637554 0.01601164483260553 0.7481804949053857
0.020378457059679767 0.026200873362445413 0.0 0.9534206695778749
0.008733624454148471 0.004366812227074236 0.004366812227074236 0.982532751091703
0.005822416302765648 0.020378457059679767 0.01455604075691412 0.9592430858806404
0.042212518195050945 0.018922852983988356 0.00727802037845706 0.9315866084425036
0.026200873362445413 0.001455604075691412 0.010189228529839884 0.9621542940320232
0.021834061135371178 0.010189228529839884 0.050946142649199416 0.9170305676855895
0.048034934497816595 0.05967976710334789 0.18631732168850074 0.7059679767103348
MOTIF metacluster_1pattern_4
letter-probability matrix: alength= 4 w= 10 E= 0
0.5337423312883436 0.2740286298568507 0.06339468302658487 0.12883435582822086
0.9100204498977505 0.028629856850715747 0.034764826175869123 0.026584867075664622
0.9059304703476483 0.006134969325153374 0.081799591002045 0.006134969325153374
0.014314928425357873 0.06952965235173825 0.0 0.9161554192229039
0.006134969325153374 0.002044989775051125 0.002044989775051125 0.9897750511247444
0.028629856850715747 0.012269938650306749 0.05112474437627812 0.9079754601226994
0.06952965235173825 0.06339468302658487 0.6871165644171779 0.17995910020449898
0.08997955010224949 0.08793456032719836 0.6482617586912065 0.1738241308793456
0.1738241308793456 0.41922290388548056 0.18200408997955012 0.2249488752556237
0.29243353783231085 0.2392638036809816 0.17995910020449898 0.2883435582822086
MOTIF metacluster_1pattern_5
letter-probability matrix: alength= 4 w= 10 E= 0
0.3787878787878788 0.24891774891774893 0.20346320346320346 0.16883116883116883
0.4653679653679654 0.18831168831168832 0.09740259740259741 0.24891774891774893
0.44372294372294374 0.13203463203463203 0.09090909090909091 0.3333333333333333
0.17532467532467533 0.1038961038961039 0.0670995670995671 0.6536796536796536
0.032467532467532464 0.01948051948051948 0.021645021645021644 0.9264069264069265
0.07575757575757576 0.05194805194805195 0.08225108225108226 0.79004329004329
0.008658008658008658 0.004329004329004329 0.974025974025974 0.012987012987012988
0.004329004329004329 0.004329004329004329 0.9913419913419913 0.0
0.948051948051948 0.008658008658008658 0.030303030303030304 0.012987012987012988
0.08874458874458875 0.38095238095238093 0.2597402597402597 0.27056277056277056
MOTIF metacluster_1pattern_6
letter-probability matrix: alength= 4 w= 10 E= 0
0.42701525054466233 0.18736383442265794 0.22657952069716775 0.15904139433551198
0.8082788671023965 0.07625272331154684 0.054466230936819175 0.06100217864923747
0.9237472766884531 0.030501089324618737 0.008714596949891068 0.037037037037037035
0.7429193899782135 0.006535947712418301 0.24618736383442266 0.004357298474945534
0.11328976034858387 0.017429193899782137 0.05010893246187364 0.8191721132897604
0.004357298474945534 0.002178649237472767 0.026143790849673203 0.9673202614379085
0.010893246187363835 0.006535947712418301 0.8888888888888888 0.09368191721132897
0.09368191721132897 0.0392156862745098 0.7864923747276689 0.08061002178649238
0.14596949891067537 0.6056644880174292 0.12200435729847495 0.12636165577342048
0.2440087145969499 0.5228758169934641 0.08278867102396514 0.1503267973856209
MOTIF metacluster_1pattern_7
letter-probability matrix: alength= 4 w= 10 E= 0
0.3663594470046083 0.2511520737327189 0.14746543778801843 0.2350230414746544
0.27880184331797236 0.1912442396313364 0.11981566820276497 0.41013824884792627
0.029953917050691243 0.1543778801843318 0.020737327188940093 0.7949308755760369
0.08064516129032258 0.1175115207373272 0.07142857142857142 0.7304147465437788
0.10368663594470046 0.05069124423963134 0.059907834101382486 0.7857142857142857
0.013824884792626729 0.01152073732718894 0.01152073732718894 0.9631336405529954
0.0 0.0 0.9907834101382489 0.009216589861751152
0.01152073732718894 0.0 0.9631336405529954 0.02534562211981567
0.020737327188940093 0.8847926267281107 0.02304147465437788 0.07142857142857142
0.0967741935483871 0.7903225806451613 0.03917050691244239 0.07373271889400922
MOTIF metacluster_1pattern_8
letter-probability matrix: alength= 4 w= 10 E= 0
0.6976744186046512 0.14651162790697675 0.11162790697674418 0.044186046511627906
0.9162790697674419 0.004651162790697674 0.06279069767441861 0.01627906976744186
0.03255813953488372 0.2 0.018604651162790697 0.7488372093023256
0.044186046511627906 0.002325581395348837 0.002325581395348837 0.9511627906976744
0.01627906976744186 0.011627906976744186 0.004651162790697674 0.9674418604651163
0.04186046511627907 0.08139534883720931 0.06279069767441861 0.813953488372093
0.046511627906976744 0.018604651162790697 0.4558139534883721 0.4790697674418605
0.07441860465116279 0.009302325581395349 0.8651162790697674 0.05116279069767442
0.19534883720930232 0.2069767441860465 0.4046511627906977 0.1930232558139535
0.15813953488372093 0.4441860465116279 0.1511627906976744 0.24651162790697675
MOTIF metacluster_1pattern_9
letter-probability matrix: alength= 4 w= 10 E= 0
0.5376712328767124 0.11643835616438356 0.1952054794520548 0.1506849315068493
0.6198630136986302 0.1095890410958904 0.10273972602739725 0.1678082191780822
0.4315068493150685 0.1095890410958904 0.20205479452054795 0.2568493150684932
0.0136986301369863 0.017123287671232876 0.003424657534246575 0.9657534246575342
0.030821917808219176 0.0410958904109589 0.017123287671232876 0.910958904109589
0.5102739726027398 0.04794520547945205 0.2226027397260274 0.2191780821917808
0.928082191780822 0.0273972602739726 0.02054794520547945 0.023972602739726026
0.3184931506849315 0.0136986301369863 0.23972602739726026 0.4280821917808219
0.00684931506849315 0.003424657534246575 0.9828767123287672 0.00684931506849315
0.5547945205479452 0.07191780821917808 0.2671232876712329 0.10616438356164383
MOTIF metacluster_1pattern_10
letter-probability matrix: alength= 4 w= 10 E= 0
0.2689075630252101 0.24789915966386555 0.2857142857142857 0.19747899159663865
0.49159663865546216 0.31932773109243695 0.06722689075630252 0.12184873949579832
0.7983193277310925 0.12184873949579832 0.02100840336134454 0.058823529411764705
0.8907563025210085 0.004201680672268907 0.07563025210084033 0.029411764705882353
