MEME version 5
ALPHABET= ACGT
strands: +
Background letter frequencies
A 0.29 C 0.21 G 0.21 T 0.29
MOTIF metacluster_0pattern_0
letter-probability matrix: alength= 4 w= 10 E= 0
0.3778881451090477 0.10883178579140575 0.2651695098250918 0.24811055927445477
0.27099978406391706 0.15957676527747786 0.19887713236881882 0.37054631828978624
0.06391708054415893 0.3059814294968689 0.4094148132152883 0.22068667674368386
0.029367307277045996 0.04102785575469661 0.026776074282012525 0.9028287626862449
0.004750593824228029 0.9755992226301015 0.010580868063053337 0.009069315482617146
0.03757287842798532 0.9134096307492983 0.011876484560570071 0.037141006262146406
0.1295616497516735 0.06758799395378969 0.07644137335348737 0.7264089829410495
0.09026128266033254 0.1712373137551285 0.3262794212912978 0.4122219822932412
0.16108831785791405 0.2440077736989851 0.313107320233211 0.2817965882098899
0.23515439429928742 0.22349384582163678 0.2699201036493198 0.271431656229756
MOTIF metacluster_0pattern_1
letter-probability matrix: alength= 4 w= 10 E= 0
0.3466515323496027 0.2522133938706016 0.22111237230419978 0.1800227014755959
0.6415437003405221 0.10669693530079455 0.11895573212258796 0.13280363223609534
0.22338251986379115 0.04086265607264472 0.5904653802497162 0.1452894438138479
0.011804767309875142 0.01362088535754824 0.9641316685584563 0.010442678774120319
0.9582292849035188 0.013166855845629965 0.016572077185017027 0.012031782065834279
0.015437003405221339 0.017707150964812714 0.01634506242905789 0.9505107832009081
0.22383654937570943 0.39250851305334844 0.16095346197502838 0.22270147559591374
0.3071509648127128 0.16935300794551647 0.16367763904653804 0.3598183881952327
0.26288308740068106 0.22814982973893302 0.22451759364358684 0.2844494892167991
0.21589103291713962 0.2467650397275823 0.24335981838819523 0.2939841089670829
MOTIF metacluster_0pattern_2
letter-probability matrix: alength= 4 w= 10 E= 0
0.3901192504258944 0.18100511073253833 0.18185689948892675 0.24701873935264054
0.444633730834753 0.2342419080068143 0.12989778534923338 0.19122657580919933
0.5119250425894378 0.21465076660988075 0.12776831345826234 0.14565587734241908
0.7959965928449745 0.08304940374787052 0.06132879045996593 0.059625212947189095
0.7661839863713799 0.06601362862010221 0.04812606473594549 0.1196763202725724
0.2657580919931857 0.2563884156729131 0.10604770017035775 0.3718057921635434
0.018313458262350937 0.004258943781942078 0.002981260647359455 0.9744463373083475
0.007666098807495741 0.014054514480408859 0.008517887563884156 0.9697614991482112
0.17504258943781942 0.14778534923339012 0.19889267461669505 0.4782793867120954
0.3769165247018739 0.13500851788756388 0.239778534923339 0.24829642248722317
MOTIF metacluster_0pattern_3
letter-probability matrix: alength= 4 w= 10 E= 0
0.30020491803278687 0.23258196721311475 0.18954918032786885 0.2776639344262295
0.3155737704918033 0.2581967213114754 0.2192622950819672 0.2069672131147541
0.507172131147541 0.22643442622950818 0.11065573770491803 0.1557377049180328
0.6055327868852459 0.18032786885245902 0.0778688524590164 0.1362704918032787
0.5122950819672131 0.13422131147540983 0.03790983606557377 0.3155737704918033
0.011270491803278689 0.009221311475409836 0.0 0.9795081967213115
0.014344262295081968 0.02663934426229508 0.0020491803278688526 0.9569672131147541
0.7838114754098361 0.02459016393442623 0.14651639344262296 0.045081967213114756
0.9221311475409836 0.00819672131147541 0.022540983606557378 0.0471311475409836
0.32786885245901637 0.07684426229508197 0.13114754098360656 0.4641393442622951
MOTIF metacluster_0pattern_4
letter-probability matrix: alength= 4 w= 10 E= 0
0.39828431372549017 0.14215686274509803 0.15318627450980393 0.30637254901960786
0.2965686274509804 0.11519607843137254 0.09436274509803921 0.49387254901960786
0.03308823529411765 0.024509803921568627 0.03799019607843137 0.9044117647058824
0.007352941176470588 0.024509803921568627 0.014705882352941176 0.9534313725490197
0.03308823529411765 0.05269607843137255 0.06495098039215687 0.8492647058823529
0.02696078431372549 0.03676470588235294 0.7475490196078431 0.18872549019607843
0.015931372549019607 0.007352941176470588 0.9509803921568627 0.025735294117647058
0.21323529411764705 0.18995098039215685 0.4742647058823529 0.12254901960784313
0.14338235294117646 0.36151960784313725 0.17401960784313725 0.32107843137254904
0.31004901960784315 0.14215686274509803 0.3002450980392157 0.24754901960784315
MOTIF metacluster_0pattern_5
letter-probability matrix: alength= 4 w= 10 E= 0
0.528178243774574 0.2254259501965924 0.09174311926605505 0.15465268676277852
0.653997378768021 0.17562254259501967 0.06815203145478375 0.10222804718217562
0.7483617300131061 0.09567496723460026 0.04062909567496723 0.11533420707732635
0.8610747051114024 0.0563564875491481 0.04849279161205767 0.03407601572739188
0.9829619921363041 0.003931847968545216 0.00655307994757536 0.00655307994757536
0.9764089121887287 0.001310615989515072 0.015727391874180863 0.00655307994757536
0.8269986893840104 0.02621231979030144 0.045871559633027525 0.10091743119266056
0.745740498034076 0.04062909567496723 0.10484927916120576 0.10878112712975098
0.7221494102228048 0.06422018348623854 0.05111402359108781 0.16251638269986893
0.6068152031454783 0.06422018348623854 0.15465268676277852 0.1743119266055046
MOTIF metacluster_0pattern_6
letter-probability matrix: alength= 4 w= 10 E= 0
0.35271317829457366 0.25387596899224807 0.16085271317829458 0.23255813953488372
0.42829457364341084 0.17635658914728683 0.23449612403100775 0.16085271317829458
0.27906976744186046 0.18023255813953487 0.0872093023255814 0.45348837209302323
0.45542635658914726 0.18410852713178294 0.28875968992248063 0.07170542635658915
0.9709302325581395 0.011627906976744186 0.013565891472868217 0.003875968992248062
0.015503875968992248 0.003875968992248062 0.0 0.9806201550387597
0.01744186046511628 0.01937984496124031 0.003875968992248062 0.9593023255813954
0.08333333333333333 0.031007751937984496 0.1569767441860465 0.7286821705426356
0.6647286821705426 0.0562015503875969 0.19767441860465115 0.08139534883720931
0.16085271317829458 0.09302325581395349 0.21705426356589147 0.5290697674418605
MOTIF metacluster_0pattern_7
letter-probability matrix: alength= 4 w= 10 E= 0
0.2831858407079646 0.23672566371681417 0.1504424778761062 0.32964601769911506
0.22566371681415928 0.17920353982300885 0.09292035398230089 0.5022123893805309
0.15486725663716813 0.13938053097345132 0.10619469026548672 0.5995575221238938
0.07743362831858407 0.084070796460177 0.10176991150442478 0.7367256637168141
0.03761061946902655 0.028761061946902654 0.10176991150442478 0.831858407079646
0.017699115044247787 0.008849557522123894 0.9646017699115044 0.008849557522123894
0.14380530973451328 0.01327433628318584 0.8296460176991151 0.01327433628318584
0.09070796460176991 0.7477876106194691 0.02654867256637168 0.13495575221238937
0.030973451327433628 0.9469026548672567 0.004424778761061947 0.017699115044247787
0.754424778761062 0.09734513274336283 0.06415929203539823 0.084070796460177
MOTIF metacluster_0pattern_8
letter-probability matrix: alength= 4 w= 10 E= 0
0.3708133971291866 0.14354066985645933 0.21291866028708134 0.2727272727272727
0.3014354066985646 0.284688995215311 0.22248803827751196 0.19138755980861244
0.4880382775119617 0.16985645933014354 0.13157894736842105 0.21052631578947367
0.5789473684210527 0.145933014354067 0.12440191387559808 0.1507177033492823
0.34210526315789475 0.23444976076555024 0.05741626794258373 0.3660287081339713
0.02631578947368421 0.02631578947368421 0.0023923444976076554 0.9449760765550239
0.009569377990430622 0.014354066985645933 0.0023923444976076554 0.9736842105263158
0.11722488038277512 0.1291866028708134 0.12200956937799043 0.631578947368421
0.8301435406698564 0.023923444976076555 0.11483253588516747 0.03110047846889952
0.8971291866028708 0.019138755980861243 0.05263157894736842 0.03110047846889952
MOTIF metacluster_0pattern_9
letter-probability matrix: alength= 4 w= 10 E= 0
0.23372781065088757 0.15680473372781065 0.07692307692307693 0.5325443786982249
0.026627218934911243 0.029585798816568046 0.026627218934911243 0.9171597633136095
0.01775147928994083 0.04437869822485207 0.047337278106508875 0.8905325443786982
0.12130177514792899 0.17159763313609466 0.1952662721893491 0.5118343195266272
0.19822485207100593 0.12130177514792899 0.39349112426035504 0.2869822485207101
0.023668639053254437 0.023668639053254437 0.9112426035502958 0.04142011834319527
0.023668639053254437 0.04437869822485207 0.8964497041420119 0.03550295857988166
0.46449704142011833 0.1893491124260355 0.20414201183431951 0.14201183431952663
0.22781065088757396 0.28402366863905326 0.1863905325443787 0.30177514792899407
0.2958579881656805 0.21893491124260356 0.22189349112426035 0.26331360946745563
MOTIF metacluster_0pattern_10
letter-probability matrix: alength= 4 w= 10 E= 0
0.4630225080385852 0.21543408360128619 0.1414790996784566 0.18006430868167203
0.5048231511254019 0.21543408360128619 0.13183279742765272 0.14790996784565916
0.6591639871382636 0.12540192926045016 0.0932475884244373 0.12218649517684887
0.7363344051446945 0.09646302250803858 0.06109324758842444 0.10610932475884244
0.887459807073955 0.028938906752411574 0.0707395498392283 0.012861736334405145
0.9871382636655949 0.0 0.00964630225080386 0.003215434083601286
0.639871382636656 0.09646302250803858 0.01607717041800643 0.24758842443729903
0.028938906752411574 0.01929260450160772 0.9421221864951769 0.00964630225080386
0.9646302250803859 0.00964630225080386 0.006430868167202572 0.01929260450160772
0.40192926045016075 0.18006430868167203 0.08681672025723473 0.3311897106109325
MOTIF metacluster_0pattern_11
letter-probability matrix: alength= 4 w= 10 E= 0
0.24253731343283583 0.19776119402985073 0.09701492537313433 0.4626865671641791
0.13432835820895522 0.16044776119402984 0.08582089552238806 0.6194029850746269
0.1044776119402985 0.0708955223880597 0.07835820895522388 0.746268656716418
0.03731343283582089 0.05970149253731343 0.16044776119402984 0.7425373134328358
0.033582089552238806 0.029850746268656716 0.0708955223880597 0.8656716417910447
0.0 0.0037313432835820895 0.9925373134328358 0.0037313432835820895
0.208955223880597 0.14925373134328357 0.4141791044776119 0.22761194029850745
0.011194029850746268 0.9776119402985075 0.0037313432835820895 0.007462686567164179
0.7089552238805971 0.13805970149253732 0.022388059701492536 0.13059701492537312
0.3208955223880597 0.21641791044776118 0.23880597014925373 0.22388059701492538
MOTIF metacluster_0pattern_12
letter-probability matrix: alength= 4 w= 10 E= 0
0.39748953974895396 0.27615062761506276 0.14644351464435146 0.1799163179916318
0.602510460251046 0.15481171548117154 0.1087866108786611 0.13389121338912133
0.7196652719665272 0.09623430962343096 0.0794979079497908 0.10460251046025104
0.8577405857740585 0.04184100418410042 0.0794979079497908 0.02092050209205021
0.9372384937238494 0.02092050209205021 0.02510460251046025 0.016736401673640166
0.895397489539749 0.029288702928870293 0.012552301255230125 0.06276150627615062
0.029288702928870293 0.02092050209205021 0.895397489539749 0.05439330543933055
0.058577405857740586 0.012552301255230125 0.9163179916317992 0.012552301255230125
0.6192468619246861 0.06276150627615062 0.18828451882845187 0.1297071129707113
0.3054393305439331 0.17154811715481172 0.2384937238493724 0.28451882845188287
MOTIF metacluster_0pattern_13
letter-probability matrix: alength= 4 w= 10 E= 0
0.12272727272727273 0.03636363636363636 0.04090909090909091 0.8
0.013636363636363636 0.022727272727272728 0.00909090909090909 0.9545454545454546
0.20909090909090908 0.04090909090909091 0.15 0.6
0.7454545454545455 0.05909090909090909 0.13636363636363635 0.05909090909090909
0.07272727272727272 0.013636363636363636 0.11818181818181818 0.7954545454545454
0.0 0.01818181818181818 0.9727272727272728 0.00909090909090909
0.16818181818181818 0.14545454545454545 0.6181818181818182 0.06818181818181818
0.08636363636363636 0.7272727272727273 0.08636363636363636 0.1
0.2772727272727273 0.6090909090909091 0.05 0.06363636363636363
0.45 0.2 0.15454545454545454 0.19545454545454546
MOTIF metacluster_0pattern_14
letter-probability matrix: alength= 4 w= 10 E= 0
0.41818181818181815 0.3 0.16818181818181818 0.11363636363636363
0.5772727272727273 0.14545454545454545 0.11818181818181818 0.1590909090909091
0.7318181818181818 0.07272727272727272 0.09545454545454546 0.1
0.9227272727272727 0.01818181818181818 0.031818181818181815 0.02727272727272727
0.9681818181818181 0.004545454545454545 0.022727272727272728 0.004545454545454545
0.9409090909090909 0.01818181818181818 0.03636363636363636 0.004545454545454545
0.39545454545454545 0.05909090909090909 0.17272727272727273 0.37272727272727274
0.031818181818181815 0.013636363636363636 0.8409090909090909 0.11363636363636363
0.045454545454545456 0.004545454545454545 0.9181818181818182 0.031818181818181815
0.33181818181818185 0.17272727272727273 0.38181818181818183 0.11363636363636363
MOTIF metacluster_0pattern_15
letter-probability matrix: alength= 4 w= 10 E= 0
0.6875 0.11057692307692307 0.04326923076923077 0.15865384615384615
0.5625 0.13942307692307693 0.09615384615384616 0.20192307692307693
0.052884615384615384 0.009615384615384616 0.9086538461538461 0.028846153846153848
0.9567307692307693 0.004807692307692308 0.02403846153846154 0.014423076923076924
0.1201923076923077 0.24519230769230768 0.32211538461538464 0.3125
0.028846153846153848 0.028846153846153848 0.0 0.9423076923076923
0.0 0.009615384615384616 0.004807692307692308 0.9855769230769231
0.32211538461538464 0.15865384615384615 0.1875 0.3317307692307692
0.5144230769230769 0.08173076923076923 0.17307692307692307 0.23076923076923078
0.21634615384615385 0.125 0.25 0.40865384615384615
MOTIF metacluster_0pattern_16
letter-probability matrix: alength= 4 w= 10 E= 0
0.45 0.075 0.25625 0.21875
0.34375 0.18125 0.0875 0.3875
0.1875 0.2375 0.3125 0.2625
0.2625 0.075 0.4 0.2625
0.0125 0.9875 0.0 0.0
0.00625 0.99375 0.0 0.0
0.15625 0.15 0.01875 0.675
0.00625 0.09375 0.0625 0.8375
0.1375 0.1625 0.18125 0.51875
0.4375 0.075 0.2875 0.2
MOTIF metacluster_0pattern_17
letter-probability matrix: alength= 4 w= 10 E= 0
0.11188811188811189 0.1048951048951049 0.0 0.7832167832167832
0.027972027972027972 0.013986013986013986 0.0 0.958041958041958
0.013986013986013986 0.02097902097902098 0.02097902097902098 0.9440559440559441
0.11188811188811189 0.03496503496503497 0.20279720279720279 0.6503496503496503
0.16783216783216784 0.24475524475524477 0.3146853146853147 0.2727272727272727
0.027972027972027972 0.055944055944055944 0.6713286713286714 0.24475524475524477
0.027972027972027972 0.027972027972027972 0.916083916083916 0.027972027972027972
0.16783216783216784 0.3776223776223776 0.2727272727272727 0.18181818181818182
0.055944055944055944 0.8741258741258742 0.013986013986013986 0.055944055944055944
0.6293706293706294 0.22377622377622378 0.1048951048951049 0.04195804195804196
MOTIF metacluster_0pattern_18
letter-probability matrix: alength= 4 w= 10 E= 0
0.20430107526881722 0.07526881720430108 0.6666666666666666 0.053763440860215055
0.6129032258064516 0.17204301075268819 0.07526881720430108 0.13978494623655913
0.043010752688172046 0.6451612903225806 0.010752688172043012 0.3010752688172043
0.8279569892473119 0.021505376344086023 0.010752688172043012 0.13978494623655913
0.11827956989247312 0.4731182795698925 0.11827956989247312 0.2903225806451613
0.021505376344086023 0.0 0.0 0.978494623655914
0.0 0.0 0.010752688172043012 0.989247311827957
0.20430107526881722 0.08602150537634409 0.17204301075268819 0.5376344086021505
0.6021505376344086 0.15053763440860216 0.11827956989247312 0.12903225806451613
0.13978494623655913 0.16129032258064516 0.13978494623655913 0.5591397849462365
MOTIF metacluster_0pattern_19
letter-probability matrix: alength= 4 w= 10 E= 0
0.27058823529411763 0.43529411764705883 0.2235294117647059 0.07058823529411765
0.8588235294117647 0.03529411764705882 0.023529411764705882 0.08235294117647059
0.011764705882352941 0.058823529411764705 0.0 0.9294117647058824
0.6470588235294118 0.1411764705882353 0.10588235294117647 0.10588235294117647
1.0 0.0 0.0 0.0
0.9882352941176471 0.0 0.0 0.011764705882352941
0.6 0.03529411764705882 0.12941176470588237 0.23529411764705882
0.12941176470588237 0.058823529411764705 0.6823529411764706 0.12941176470588237
0.4823529411764706 0.09411764705882353 0.3058823529411765 0.11764705882352941
0.4588235294117647 0.17647058823529413 0.24705882352941178 0.11764705882352941
MOTIF metacluster_0pattern_20
letter-probability matrix: alength= 4 w= 10 E= 0
0.05128205128205128 0.8974358974358975 0.0 0.05128205128205128
0.9487179487179487 0.02564102564102564 0.02564102564102564 0.0
0.02564102564102564 0.8717948717948718 0.05128205128205128 0.05128205128205128
1.0 0.0 0.0 0.0
0.05128205128205128 0.8717948717948718 0.02564102564102564 0.05128205128205128
1.0 0.0 0.0 0.0
0.02564102564102564 0.7948717948717948 0.02564102564102564 0.15384615384615385
0.8717948717948718 0.05128205128205128 0.05128205128205128 0.02564102564102564
0.05128205128205128 0.8205128205128205 0.05128205128205128 0.07692307692307693
0.8205128205128205 0.02564102564102564 0.10256410256410256 0.05128205128205128
MOTIF metacluster_1pattern_0
letter-probability matrix: alength= 4 w= 10 E= 0
0.1889483065953654 0.42483660130718953 0.1111111111111111 0.27510398098633393
0.1473559120617944 0.051990493166963754 0.533868092691622 0.2667855020796197
0.01218062982768865 0.9322638146167558 0.0106951871657754 0.04486036838978016
0.19756387403446227 0.04129530600118835 0.1984551396316102 0.5626856803327391
0.042483660130718956 0.8951277480689246 0.026143790849673203 0.036244800950683304
0.22608437314319668 0.03535353535353535 0.13071895424836602 0.6078431372549019
0.10190136660724897 0.7121212121212122 0.07130124777183601 0.11467617349970291
0.1954842543077837 0.1265597147950089 0.17439096850861557 0.5035650623885918
0.18092691622103388 0.3166963755199049 0.16785502079619727 0.3345216874628639
0.19429590017825313 0.23588829471182413 0.24688057040998218 0.32293523469994057
MOTIF metacluster_1pattern_1
letter-probability matrix: alength= 4 w= 10 E= 0
0.41948579161028415 0.16305818673883626 0.12178619756427606 0.2956698240866035
0.621786197564276 0.09133964817320704 0.14005412719891747 0.14682002706359945
0.16711772665764546 0.15629228687415425 0.10690121786197564 0.5696887686062246
0.011502029769959404 0.9648173207036536 0.006089309878213802 0.017591339648173207
0.016238159675236806 0.009472259810554804 0.9580514208389715 0.016238159675236806
0.6617050067658998 0.07848443843031123 0.16914749661705006 0.09066305818673884
0.03247631935047361 0.05548037889039242 0.02368064952638701 0.8883626522327469
0.7327469553450608 0.05074424898511502 0.06359945872801083 0.15290933694181327
0.2855209742895805 0.18403247631935046 0.2598105548037889 0.2706359945872801
0.2253044654939107 0.21921515561569688 0.2273342354533153 0.32814614343707715
MOTIF metacluster_1pattern_2
letter-probability matrix: alength= 4 w= 10 E= 0
0.5030769230769231 0.16230769230769232 0.13923076923076924 0.19538461538461538
0.5123076923076924 0.11692307692307692 0.16 0.21076923076923076
0.7238461538461538 0.05615384615384615 0.043076923076923075 0.17692307692307693
0.024615384615384615 0.0038461538461538464 0.946923076923077 0.024615384615384615
0.005384615384615384 0.9784615384615385 0.0015384615384615385 0.014615384615384615
0.30153846153846153 0.07615384615384616 0.0876923076923077 0.5346153846153846
0.14692307692307693 0.39153846153846156 0.10076923076923076 0.3607692307692308
0.20461538461538462 0.15384615384615385 0.1076923076923077 0.5338461538461539
0.1523076923076923 0.10307692307692308 0.5107692307692308 0.23384615384615384
0.13538461538461538 0.4746153846153846 0.1476923076923077 0.2423076923076923
MOTIF metacluster_1pattern_3
letter-probability matrix: alength= 4 w= 10 E= 0
0.39522821576763484 0.22199170124481327 0.24273858921161826 0.1400414937759336
0.5383817427385892 0.12863070539419086 0.1545643153526971 0.17842323651452283
0.5632780082987552 0.10892116182572614 0.17427385892116182 0.15352697095435686
0.8890041493775933 0.026970954356846474 0.008298755186721992 0.07572614107883817
0.8506224066390041 0.03941908713692946 0.07676348547717843 0.03319502074688797
0.03423236514522822 0.9107883817427386 0.006224066390041493 0.0487551867219917
0.8599585062240664 0.04771784232365145 0.032157676348547715 0.06016597510373444
0.5176348547717843 0.11099585062240663 0.22510373443983403 0.1462655601659751
0.39522821576763484 0.2925311203319502 0.13485477178423236 0.17738589211618258
0.3651452282157676 0.17634854771784234 0.2074688796680498 0.25103734439834025
MOTIF metacluster_1pattern_4
letter-probability matrix: alength= 4 w= 10 E= 0
0.3290155440414508 0.16580310880829016 0.20077720207253885 0.30440414507772023
0.2966321243523316 0.16191709844559585 0.1411917098445596 0.40025906735751293
0.35621761658031087 0.07253886010362694 0.32512953367875647 0.24611398963730569
0.35751295336787564 0.21761658031088082 0.15025906735751296 0.27461139896373055
0.3950777202072539 0.17098445595854922 0.05829015544041451 0.3756476683937824
0.5595854922279793 0.054404145077720206 0.25906735751295334 0.12694300518134716
0.038860103626943004 0.03626943005181347 0.012953367875647668 0.9119170984455959
0.9740932642487047 0.0025906735751295338 0.0038860103626943004 0.019430051813471502
0.01683937823834197 0.9481865284974094 0.014248704663212436 0.02072538860103627
0.266839378238342 0.17875647668393782 0.06217616580310881 0.49222797927461137
MOTIF metacluster_1pattern_5
letter-probability matrix: alength= 4 w= 10 E= 0
0.1643059490084986 0.2776203966005666 0.10623229461756374 0.4518413597733711
0.3413597733711048 0.07790368271954674 0.43909348441926344 0.141643059490085
0.09348441926345609 0.08640226628895184 0.7096317280453258 0.11048158640226628
0.03541076487252125 0.05807365439093484 0.012747875354107648 0.8937677053824362
0.18980169971671387 0.6345609065155807 0.049575070821529746 0.12606232294617564
0.8328611898016998 0.028328611898016998 0.046742209631728045 0.09206798866855524
0.036827195467422094 0.7252124645892352 0.042492917847025496 0.1954674220963173
0.773371104815864 0.04107648725212465 0.049575070821529746 0.1359773371104816
0.08073654390934844 0.6260623229461756 0.10906515580736544 0.18413597733711048
0.18980169971671387 0.17563739376770537 0.10623229461756374 0.5283286118980169
MOTIF metacluster_1pattern_6
letter-probability matrix: alength= 4 w= 10 E= 0
0.498546511627907 0.13226744186046513 0.2311046511627907 0.1380813953488372
0.15406976744186046 0.27325581395348836 0.2543604651162791 0.3183139534883721
0.014534883720930232 0.9433139534883721 0.00436046511627907 0.0377906976744186
0.8808139534883721 0.0188953488372093 0.08139534883720931 0.0188953488372093
0.024709302325581394 0.01308139534883721 0.9244186046511628 0.0377906976744186
0.0377906976744186 0.9040697674418605 0.020348837209302327 0.0377906976744186
0.0188953488372093 0.02616279069767442 0.0188953488372093 0.936046511627907
0.023255813953488372 0.005813953488372093 0.9622093023255814 0.00872093023255814
0.18313953488372092 0.18604651162790697 0.10174418604651163 0.5290697674418605
0.1816860465116279 0.14098837209302326 0.22965116279069767 0.4476744186046512
MOTIF metacluster_1pattern_7
letter-probability matrix: alength= 4 w= 10 E= 0
0.15138282387190685 0.30858806404657935 0.10334788937409024 0.4366812227074236
0.388646288209607 0.06404657933042213 0.38573508005822416 0.1615720524017467
0.14992721979621543 0.27074235807860264 0.039301310043668124 0.5400291120815138
0.660844250363901 0.02911208151382824 0.15574963609898107 0.15429403202328967
0.09024745269286755 0.604075691411936 0.02911208151382824 0.2765647743813683
0.6157205240174672 0.02911208151382824 0.264919941775837 0.09024745269286755
0.07714701601164484 0.09315866084425037 0.00727802037845706 0.8224163027656477
0.9068413391557496 0.001455604075691412 0.036390101892285295 0.055312954876273655
0.010189228529839884 0.9301310043668122 0.01455604075691412 0.04512372634643377
0.4163027656477438 0.1717612809315866 0.11499272197962154 0.29694323144104806
MOTIF metacluster_1pattern_8
letter-probability matrix: alength= 4 w= 10 E= 0
0.19754977029096477 0.24196018376722817 0.12098009188361408 0.43950995405819293
0.3231240428790199 0.1362940275650842 0.3169984686064318 0.22358346094946402
0.3169984686064318 0.11485451761102604 0.11638591117917305 0.45176110260336905
0.3001531393568147 0.08575803981623277 0.30627871362940273 0.30781010719754975
0.12710566615620214 0.06431852986217458 0.006125574272588055 0.8024502297090352
0.7963246554364471 0.010719754977029096 0.09494640122511486 0.09800918836140889
0.010719754977029096 0.9372128637059725 0.0030627871362940277 0.04900459418070444
0.891271056661562 0.006125574272588055 0.036753445635528334 0.06584992343032159
0.09341500765696784 0.5313935681470138 0.09341500765696784 0.28177641653905056
0.3001531393568147 0.11026033690658499 0.14854517611026033 0.44104134762633995
MOTIF metacluster_1pattern_9
letter-probability matrix: alength= 4 w= 10 E= 0
0.2150706436420722 0.3108320251177394 0.17111459968602827 0.3029827315541601
0.33751962323390894 0.11459968602825746 0.3814756671899529 0.1664050235478807
0.260596546310832 0.04709576138147567 0.4725274725274725 0.21978021978021978
0.03453689167974882 0.9309262166405023 0.0031397174254317113 0.03139717425431711
0.015698587127158554 0.0 0.9795918367346939 0.004709576138147566
0.3704866562009419 0.15384615384615385 0.08791208791208792 0.3877551020408163
0.0423861852433281 0.8791208791208791 0.02040816326530612 0.058084772370486655
0.06593406593406594 0.006279434850863423 0.9010989010989011 0.026687598116169546
0.3704866562009419 0.2119309262166405 0.10989010989010989 0.3076923076923077
0.21821036106750394 0.3956043956043956 0.1726844583987441 0.21350078492935637
MOTIF metacluster_1pattern_10
letter-probability matrix: alength= 4 w= 10 E= 0
0.24740484429065743 0.18339100346020762 0.21972318339100347 0.3494809688581315
0.27854671280276816 0.1643598615916955 0.2560553633217993 0.30103806228373703
0.2041522491349481 0.15397923875432526 0.39273356401384085 0.2491349480968858
0.38408304498269896 0.28027681660899656 0.11418685121107267 0.22145328719723184
0.42560553633217996 0.2577854671280277 0.04498269896193772 0.27162629757785467
0.5155709342560554 0.06228373702422145 0.1643598615916955 0.2577854671280277
0.01384083044982699 0.9307958477508651 0.010380622837370242 0.04498269896193772
0.9653979238754326 0.0034602076124567475 0.012110726643598616 0.01903114186851211
0.01730103806228374 0.9273356401384083 0.02422145328719723 0.031141868512110725
0.2681660899653979 0.11245674740484429 0.07093425605536333 0.5484429065743944
MOTIF metacluster_1pattern_11
letter-probability matrix: alength= 4 w= 10 E= 0
0.2796116504854369 0.16310679611650486 0.170873786407767 0.3864077669902913
0.258252427184466 0.1553398058252427 0.36893203883495146 0.2174757281553398
0.5320388349514563 0.062135922330097085 0.26796116504854367 0.1378640776699029
0.005825242718446602 0.9844660194174757 0.0 0.009708737864077669
0.05436893203883495 0.005825242718446602 0.9242718446601942 0.015533980582524271
0.20776699029126214 0.1145631067961165 0.036893203883495145 0.6407766990291263
0.09320388349514563 0.5728155339805825 0.1145631067961165 0.21941747572815534
0.566990291262136 0.031067961165048542 0.18058252427184465 0.22135922330097088
0.0970873786407767 0.6796116504854369 0.06796116504854369 0.1553398058252427
0.29320388349514565 0.11650485436893204 0.34757281553398056 0.24271844660194175
MOTIF metacluster_1pattern_12
letter-probability matrix: alength= 4 w= 10 E= 0
0.5118577075098815 0.12648221343873517 0.14031620553359683 0.22134387351778656
0.424901185770751 0.31225296442687744 0.11462450592885376 0.1482213438735178
0.7351778656126482 0.09683794466403162 0.04743083003952569 0.12055335968379446
0.650197628458498 0.009881422924901186 0.25296442687747034 0.08695652173913043
0.015810276679841896 0.9367588932806324 0.011857707509881422 0.03557312252964427
0.9347826086956522 0.021739130434782608 0.015810276679841896 0.02766798418972332
0.9169960474308301 0.023715415019762844 0.03557312252964427 0.023715415019762844
0.06521739130434782 0.857707509881423 0.03162055335968379 0.045454545454545456
0.8695652173913043 0.04743083003952569 0.015810276679841896 0.06719367588932806
0.6205533596837944 0.1541501976284585 0.1482213438735178 0.07707509881422925
MOTIF metacluster_1pattern_13
letter-probability matrix: alength= 4 w= 10 E= 0
0.17355371900826447 0.38636363636363635 0.1446280991735537 0.29545454545454547
0.5764462809917356 0.12190082644628099 0.05785123966942149 0.24380165289256198
0.024793388429752067 0.010330578512396695 0.9462809917355371 0.01859504132231405
0.15495867768595042 0.34917355371900827 0.03512396694214876 0.4607438016528926
0.03305785123966942 0.01859504132231405 0.9214876033057852 0.026859504132231406
0.21487603305785125 0.5247933884297521 0.08264462809917356 0.17768595041322313
0.2706611570247934 0.17148760330578514 0.15702479338842976 0.40082644628099173
0.08884297520661157 0.03305785123966942 0.8161157024793388 0.06198347107438017
0.128099173553719 0.5826446280991735 0.06611570247933884 0.2231404958677686
0.24380165289256198 0.1384297520661157 0.4214876033057851 0.1962809917355372
MOTIF metacluster_1pattern_14
letter-probability matrix: alength= 4 w= 10 E= 0
0.6293859649122807 0.11403508771929824 0.1162280701754386 0.14035087719298245
0.3267543859649123 0.18640350877192982 0.3399122807017544 0.14692982456140352
0.041666666666666664 0.9144736842105263 0.0043859649122807015 0.039473684210526314
0.8925438596491229 0.02412280701754386 0.05701754385964912 0.02631578947368421
0.16666666666666666 0.22149122807017543 0.35526315789473684 0.2565789473684211
0.27631578947368424 0.30043859649122806 0.11842105263157894 0.3048245614035088
0.02412280701754386 0.06578947368421052 0.02850877192982456 0.881578947368421
0.015350877192982455 0.008771929824561403 0.9649122807017544 0.010964912280701754
0.11842105263157894 0.11403508771929824 0.05482456140350877 0.7127192982456141
0.21271929824561403 0.06359649122807018 0.20614035087719298 0.5175438596491229
MOTIF metacluster_1pattern_15
letter-probability matrix: alength= 4 w= 10 E= 0
0.6554054054054054 0.10585585585585586 0.0990990990990991 0.13963963963963963
0.47297297297297297 0.15315315315315314 0.26576576576576577 0.10810810810810811
0.0990990990990991 0.7387387387387387 0.036036036036036036 0.12612612612612611
0.9346846846846847 0.009009009009009009 0.024774774774774775 0.03153153153153153
0.04054054054054054 0.05630630630630631 0.831081081081081 0.07207207207207207
0.06981981981981981 0.7905405405405406 0.018018018018018018 0.12162162162162163
0.509009009009009 0.08783783783783784 0.3310810810810811 0.07207207207207207
0.19144144144144143 0.240990990990991 0.4797297297297297 0.08783783783783784
0.11936936936936937 0.12387387387387387 0.0518018018018018 0.704954954954955
0.25 0.0990990990990991 0.39864864864864863 0.25225225225225223
MOTIF metacluster_1pattern_16
letter-probability matrix: alength= 4 w= 10 E= 0
0.18620689655172415 0.31494252873563217 0.12643678160919541 0.3724137931034483
0.28735632183908044 0.17471264367816092 0.35402298850574715 0.1839080459770115
0.1471264367816092 0.3724137931034483 0.04367816091954023 0.4367816091954023
0.5172413793103449 0.08505747126436781 0.15632183908045977 0.2413793103448276
0.08735632183908046 0.767816091954023 0.009195402298850575 0.135632183908046
0.7931034482758621 0.02528735632183908 0.08505747126436781 0.09655172413793103
0.004597701149425287 0.9632183908045977 0.011494252873563218 0.020689655172413793
0.9103448275862069 0.013793103448275862 0.05517241379310345 0.020689655172413793
0.03908045977011494 0.8528735632183908 0.034482758620689655 0.0735632183908046
0.4367816091954023 0.12183908045977011 0.12873563218390804 0.31264367816091954
MOTIF metacluster_1pattern_17
letter-probability matrix: alength= 4 w= 10 E= 0
0.4413265306122449 0.11734693877551021 0.24489795918367346 0.19642857142857142
0.29336734693877553 0.33163265306122447 0.14285714285714285 0.23214285714285715
0.2729591836734694 0.27040816326530615 0.1913265306122449 0.2653061224489796
0.28061224489795916 0.14540816326530612 0.09183673469387756 0.48214285714285715
0.030612244897959183 0.01020408163265306 0.9209183673469388 0.03826530612244898
0.012755102040816327 0.9438775510204082 0.030612244897959183 0.012755102040816327
0.05102040816326531 0.015306122448979591 0.030612244897959183 0.9030612244897959
0.11479591836734694 0.058673469387755105 0.6020408163265306 0.22448979591836735
0.04336734693877551 0.058673469387755105 0.02295918367346939 0.875
0.11989795918367346 0.05612244897959184 0.15816326530612246 0.6658163265306123
MOTIF metacluster_1pattern_18
letter-probability matrix: alength= 4 w= 10 E= 0
0.1887905604719764 0.16519174041297935 0.11799410029498525 0.528023598820059
0.14749262536873156 0.08849557522123894 0.16519174041297935 0.5988200589970502
0.39823008849557523 0.07964601769911504 0.13864306784660768 0.3834808259587021
0.5221238938053098 0.07669616519174041 0.16519174041297935 0.2359882005899705
0.7463126843657817 0.07079646017699115 0.10619469026548672 0.07669616519174041
0.9056047197640118 0.032448377581120944 0.017699115044247787 0.04424778761061947
0.7581120943952803 0.04424778761061947 0.05604719764011799 0.1415929203539823
0.11209439528023599 0.4336283185840708 0.06784660766961652 0.3864306784660767
0.5309734513274337 0.13569321533923304 0.09734513274336283 0.2359882005899705
0.3008849557522124 0.2182890855457227 0.2359882005899705 0.2448377581120944
MOTIF metacluster_1pattern_19
letter-probability matrix: alength= 4 w= 10 E= 0
0.34124629080118696 0.20474777448071216 0.1543026706231454 0.2997032640949555
0.56973293768546 0.142433234421365 0.1543026706231454 0.13353115727002968
0.06528189910979229 0.011869436201780416 0.9020771513353115 0.020771513353115726
0.011869436201780416 0.973293768545994 0.0 0.01483679525222552
0.050445103857566766 0.01483679525222552 0.9228486646884273 0.011869436201780416
0.2789317507418398 0.39762611275964393 0.04451038575667656 0.2789317507418398
0.24629080118694363 0.2433234421364985 0.1394658753709199 0.37091988130563797
0.3649851632047478 0.12462908011869436 0.20474777448071216 0.3056379821958457
0.27002967359050445 0.34124629080118696 0.19881305637982197 0.18991097922848665
0.23738872403560832 0.18991097922848665 0.2522255192878338 0.32047477744807124
MOTIF metacluster_1pattern_20
letter-probability matrix: alength= 4 w= 10 E= 0
0.2857142857142857 0.19940476190476192 0.23511904761904762 0.27976190476190477
0.44642857142857145 0.19047619047619047 0.10416666666666667 0.25892857142857145
0.13392857142857142 0.05952380952380952 0.6190476190476191 0.1875
0.008928571428571428 0.9613095238095238 0.005952380952380952 0.023809523809523808
0.03869047619047619 0.017857142857142856 0.9077380952380952 0.03571428571428571
0.5267857142857143 0.2648809523809524 0.08035714285714286 0.12797619047619047
0.5297619047619048 0.16071428571428573 0.13988095238095238 0.16964285714285715
0.23214285714285715 0.020833333333333332 0.5654761904761905 0.18154761904761904
0.01488095238095238 0.9523809523809523 0.005952380952380952 0.026785714285714284
0.31845238095238093 0.050595238095238096 0.44642857142857145 0.18452380952380953
MOTIF metacluster_1pattern_21
letter-probability matrix: alength= 4 w= 10 E= 0
0.3506944444444444 0.13194444444444445 0.14930555555555555 0.3680555555555556
0.6770833333333334 0.052083333333333336 0.1284722222222222 0.1423611111111111
0.8541666666666666 0.041666666666666664 0.024305555555555556 0.0798611111111111
0.5902777777777778 0.06597222222222222 0.09375 0.25
0.2361111111111111 0.1423611111111111 0.059027777777777776 0.5625
0.59375 0.09027777777777778 0.017361111111111112 0.2986111111111111
0.7152777777777778 0.09375 0.09722222222222222 0.09375
0.1388888888888889 0.5555555555555556 0.0798611111111111 0.22569444444444445
0.375 0.2881944444444444 0.08333333333333333 0.2534722222222222
0.3194444444444444 0.12152777777777778 0.40625 0.1527777777777778
MOTIF metacluster_1pattern_22
letter-probability matrix: alength= 4 w= 10 E= 0
0.751004016064257 0.05220883534136546 0.09236947791164658 0.10441767068273092
0.26907630522088355 0.3092369477911647 0.19678714859437751 0.2248995983935743
0.01606425702811245 0.9477911646586346 0.01606425702811245 0.020080321285140562
0.751004016064257 0.04819277108433735 0.14457831325301204 0.05622489959839357
0.01606425702811245 0.008032128514056224 0.963855421686747 0.012048192771084338
0.040160642570281124 0.7228915662650602 0.12449799196787148 0.11244979919678715
0.040160642570281124 0.040160642570281124 0.008032128514056224 0.9116465863453815
0.21285140562248997 0.3453815261044177 0.0642570281124498 0.37751004016064255
0.07630522088353414 0.04417670682730924 0.07630522088353414 0.8032128514056225
0.17269076305220885 0.08433734939759036 0.3654618473895582 0.37751004016064255
MOTIF metacluster_1pattern_23
letter-probability matrix: alength= 4 w= 10 E= 0
0.27586206896551724 0.21182266009852216 0.059113300492610835 0.45320197044334976
0.04926108374384237 0.014778325123152709 0.9014778325123153 0.034482758620689655
0.0 0.9901477832512315 0.0 0.009852216748768473
0.6157635467980296 0.0 0.04433497536945813 0.3399014778325123
0.019704433497536946 0.9211822660098522 0.014778325123152709 0.04433497536945813
0.16748768472906403 0.04926108374384237 0.054187192118226604 0.729064039408867
0.2512315270935961 0.24630541871921183 0.14285714285714285 0.35960591133004927
0.2019704433497537 0.07881773399014778 0.5320197044334976 0.18719211822660098
0.13793103448275862 0.3842364532019704 0.12315270935960591 0.35467980295566504
0.3448275862068966 0.11822660098522167 0.20689655172413793 0.33004926108374383
MOTIF metacluster_1pattern_24
letter-probability matrix: alength= 4 w= 10 E= 0
0.23529411764705882 0.20588235294117646 0.2426470588235294 0.3161764705882353
0.3382352941176471 0.14705882352941177 0.27941176470588236 0.23529411764705882
0.5367647058823529 0.058823529411764705 0.19117647058823528 0.21323529411764705
0.7058823529411765 0.07352941176470588 0.10294117647058823 0.11764705882352941
0.7132352941176471 0.08823529411764706 0.051470588235294115 0.14705882352941177
0.7794117647058824 0.058823529411764705 0.0 0.16176470588235295
0.8602941176470589 0.04411764705882353 0.0661764705882353 0.029411764705882353
0.022058823529411766 0.25735294117647056 0.04411764705882353 0.6764705882352942
0.9852941176470589 0.007352941176470588 0.0 0.007352941176470588
0.11029411764705882 0.5735294117647058 0.16176470588235295 0.15441176470588236
MOTIF metacluster_1pattern_25
letter-probability matrix: alength= 4 w= 10 E= 0
0.40476190476190477 0.0873015873015873 0.1984126984126984 0.30952380952380953
0.4365079365079365 0.05555555555555555 0.3968253968253968 0.1111111111111111
0.15873015873015872 0.007936507936507936 0.7777777777777778 0.05555555555555555
0.015873015873015872 0.9603174603174603 0.0 0.023809523809523808
0.0 0.0 0.9920634920634921 0.007936507936507936
0.1984126984126984 0.4523809523809524 0.14285714285714285 0.20634920634920634
0.23809523809523808 0.15079365079365079 0.05555555555555555 0.5555555555555556
0.023809523809523808 0.015873015873015872 0.9365079365079365 0.023809523809523808
0.25396825396825395 0.4603174603174603 0.031746031746031744 0.25396825396825395
0.42063492063492064 0.047619047619047616 0.25396825396825395 0.2777777777777778
MOTIF metacluster_1pattern_26
letter-probability matrix: alength= 4 w= 10 E= 0
0.21666666666666667 0.21666666666666667 0.1 0.4666666666666667
0.43333333333333335 0.1 0.06666666666666667 0.4
0.65 0.05 0.11666666666666667 0.18333333333333332
0.11666666666666667 0.11666666666666667 0.1 0.6666666666666666
0.016666666666666666 0.9833333333333333 0.0 0.0
0.3 0.2833333333333333 0.016666666666666666 0.4
0.9833333333333333 0.0 0.016666666666666666 0.0
0.03333333333333333 0.0 0.0 0.9666666666666667
0.85 0.016666666666666666 0.016666666666666666 0.11666666666666667
