MEME version 5
ALPHABET= ACGT
strands: +
Background letter frequencies
A 0.29 C 0.21 G 0.21 T 0.29
MOTIF metacluster_0pattern_0
letter-probability matrix: alength= 4 w= 10 E= 0
0.3745907007203667 0.14538310412573674 0.23313686967910938 0.24688932547478717
0.2965291421087099 0.16175507531106745 0.17013752455795678 0.3715782580222659
0.25723641126391616 0.2400785854616896 0.3180091683038638 0.18467583497053044
0.008120497707924034 0.01558611656843484 0.02108709888670596 0.9552062868369352
0.0026195153896529143 0.9884741322855272 0.00366732154551408 0.005239030779305829
0.034053700065487885 0.9390962671905697 0.00366732154551408 0.02318271119842829
0.11984282907662082 0.04034053700065488 0.05854616895874263 0.7812704649639817
0.13647675180091684 0.14629993451211526 0.314603798297315 0.4026195153896529
0.2223968565815324 0.2272429600523903 0.2864440078585462 0.2639161755075311
0.27570399476096924 0.20183366077275705 0.25199738048461034 0.2704649639816634
MOTIF metacluster_0pattern_1
letter-probability matrix: alength= 4 w= 10 E= 0
0.28883495145631066 0.22241835834068843 0.19924977934686672 0.28949691085613416
0.235216240070609 0.2325684024713151 0.17784642541924095 0.35436893203883496
0.26963812886142985 0.2619152691968226 0.25728155339805825 0.2111650485436893
0.6074580759046778 0.11032656663724624 0.09377758164165931 0.1884377758164166
0.3759929390997352 0.0324360105913504 0.3312003530450132 0.26037069726390116
0.01676963812886143 0.011694616063548102 0.9609443954104149 0.01059135039717564
0.9790379523389232 0.005736981465136805 0.007502206531332745 0.007722859664607238
0.01963812886142983 0.02405119152691968 0.011694616063548102 0.9446160635481023
0.09245366284201235 0.6968225948808473 0.08296557811120918 0.12775816416593117
0.33031774051191526 0.16593115622241836 0.20410414827890555 0.2996469549867608
MOTIF metacluster_0pattern_2
letter-probability matrix: alength= 4 w= 10 E= 0
0.40638297872340423 0.24723404255319148 0.16680851063829788 0.17957446808510638
0.3931914893617021 0.3485106382978723 0.13319148936170214 0.1251063829787234
0.745531914893617 0.11531914893617021 0.07787234042553191 0.06127659574468085
0.6893617021276596 0.14382978723404255 0.06425531914893617 0.1025531914893617
0.2425531914893617 0.3127659574468085 0.04425531914893617 0.4004255319148936
0.00723404255319149 0.001276595744680851 0.000425531914893617 0.9910638297872341
0.002553191489361702 0.019148936170212766 0.004680851063829788 0.9736170212765958
0.059574468085106386 0.1127659574468085 0.2795744680851064 0.5480851063829787
0.2246808510638298 0.09191489361702128 0.4246808510638298 0.25872340425531914
0.1697872340425532 0.2178723404255319 0.3893617021276596 0.2229787234042553
MOTIF metacluster_0pattern_3
letter-probability matrix: alength= 4 w= 10 E= 0
0.4134228187919463 0.24563758389261744 0.23221476510067113 0.1087248322147651
0.5637583892617449 0.16778523489932887 0.087248322147651 0.18120805369127516
0.5785234899328859 0.17852348993288591 0.14093959731543623 0.10201342281879194
0.4442953020134228 0.11543624161073826 0.04563758389261745 0.3946308724832215
0.0026845637583892616 0.0013422818791946308 0.0 0.9959731543624161
0.013422818791946308 0.016107382550335572 0.006711409395973154 0.963758389261745
0.4161073825503356 0.040268456375838924 0.2778523489932886 0.2657718120805369
0.9677852348993289 0.013422818791946308 0.009395973154362415 0.009395973154362415
0.11140939597315436 0.016107382550335572 0.07114093959731543 0.8013422818791947
0.14228187919463087 0.15838926174496645 0.4657718120805369 0.23355704697986576
MOTIF metacluster_0pattern_4
letter-probability matrix: alength= 4 w= 10 E= 0
0.4540229885057471 0.19157088122605365 0.18199233716475097 0.1724137931034483
0.2624521072796935 0.32950191570881227 0.17624521072796934 0.23180076628352492
0.5632183908045977 0.1896551724137931 0.03639846743295019 0.210727969348659
0.7586206896551724 0.05938697318007663 0.11302681992337164 0.06896551724137931
0.9578544061302682 0.007662835249042145 0.02490421455938697 0.009578544061302681
0.0 0.0 0.0 1.0
0.017241379310344827 0.044061302681992334 0.01532567049808429 0.9233716475095786
0.5862068965517241 0.0421455938697318 0.23371647509578544 0.13793103448275862
0.45977011494252873 0.05555555555555555 0.21455938697318008 0.27011494252873564
0.2567049808429119 0.11494252873563218 0.5268199233716475 0.10153256704980843
MOTIF metacluster_0pattern_5
letter-probability matrix: alength= 4 w= 10 E= 0
0.6454918032786885 0.03483606557377049 0.26024590163934425 0.05942622950819672
0.7151639344262295 0.06762295081967214 0.05942622950819672 0.15778688524590165
0.05122950819672131 0.8360655737704918 0.09631147540983606 0.01639344262295082
0.0020491803278688526 0.0020491803278688526 0.004098360655737705 0.9918032786885246
0.0 0.9590163934426229 0.006147540983606557 0.03483606557377049
0.0020491803278688526 0.9877049180327869 0.004098360655737705 0.006147540983606557
0.6823770491803278 0.13524590163934427 0.14959016393442623 0.03278688524590164
0.4139344262295082 0.16188524590163936 0.3401639344262295 0.08401639344262295
0.24180327868852458 0.2766393442622951 0.26844262295081966 0.21311475409836064
0.27049180327868855 0.1885245901639344 0.22131147540983606 0.319672131147541
MOTIF metacluster_0pattern_6
letter-probability matrix: alength= 4 w= 10 E= 0
0.28542094455852157 0.23613963039014374 0.1293634496919918 0.3490759753593429
0.3059548254620123 0.2135523613963039 0.1806981519507187 0.2997946611909651
0.43121149897330596 0.06981519507186858 0.11293634496919917 0.3860369609856263
0.03696098562628337 0.018480492813141684 0.030800821355236138 0.9137577002053389
0.014373716632443531 0.008213552361396304 0.9527720739219713 0.024640657084188913
0.1704312114989733 0.030800821355236138 0.7905544147843943 0.008213552361396304
0.004106776180698152 0.9774127310061602 0.012320328542094456 0.006160164271047228
0.024640657084188913 0.9671457905544147 0.002053388090349076 0.006160164271047228
0.5975359342915811 0.06570841889117043 0.057494866529774126 0.2792607802874743
0.2997946611909651 0.17864476386036962 0.2053388090349076 0.3162217659137577
MOTIF metacluster_0pattern_7
letter-probability matrix: alength= 4 w= 10 E= 0
0.416289592760181 0.21266968325791855 0.16289592760180996 0.2081447963800905
0.2918552036199095 0.2692307692307692 0.11764705882352941 0.3212669683257919
0.5542986425339367 0.13574660633484162 0.167420814479638 0.1425339366515837
0.834841628959276 0.03619909502262444 0.09728506787330317 0.03167420814479638
0.01583710407239819 0.00904977375565611 0.011312217194570135 0.9638009049773756
0.02262443438914027 0.0022624434389140274 0.0 0.9751131221719457
0.06334841628959276 0.027149321266968326 0.07013574660633484 0.8393665158371041
0.8484162895927602 0.038461538461538464 0.09049773755656108 0.02262443438914027
0.2239819004524887 0.020361990950226245 0.033936651583710405 0.7217194570135747
0.12669683257918551 0.049773755656108594 0.6538461538461539 0.16968325791855204
MOTIF metacluster_0pattern_8
letter-probability matrix: alength= 4 w= 10 E= 0
0.9512893982808023 0.022922636103151862 0.017191977077363897 0.008595988538681949
0.9713467048710601 0.0057306590257879654 0.0057306590257879654 0.017191977077363897
0.9828080229226361 0.0028653295128939827 0.0 0.014326647564469915
0.9856733524355301 0.011461318051575931 0.0028653295128939827 0.0
0.9856733524355301 0.0028653295128939827 0.008595988538681949 0.0028653295128939827
0.9799426934097422 0.0028653295128939827 0.0057306590257879654 0.011461318051575931
0.994269340974212 0.0057306590257879654 0.0 0.0
0.9713467048710601 0.0 0.008595988538681949 0.02005730659025788
0.9570200573065902 0.0057306590257879654 0.008595988538681949 0.02865329512893983
0.8538681948424068 0.025787965616045846 0.06017191977077364 0.06017191977077364
MOTIF metacluster_0pattern_9
letter-probability matrix: alength= 4 w= 10 E= 0
0.68 0.07076923076923076 0.07692307692307693 0.1723076923076923
0.4676923076923077 0.12 0.20307692307692307 0.20923076923076922
0.15384615384615385 0.033846153846153845 0.796923076923077 0.015384615384615385
0.9692307692307692 0.009230769230769232 0.018461538461538463 0.003076923076923077
0.04 0.28923076923076924 0.26461538461538464 0.40615384615384614
0.021538461538461538 0.012307692307692308 0.0 0.9661538461538461
0.003076923076923077 0.009230769230769232 0.0 0.9876923076923076
0.24 0.18769230769230769 0.18769230769230769 0.38461538461538464
0.47384615384615386 0.07692307692307693 0.24923076923076923 0.2
0.16307692307692306 0.07692307692307693 0.4276923076923077 0.3323076923076923
MOTIF metacluster_0pattern_10
letter-probability matrix: alength= 4 w= 10 E= 0
0.4305555555555556 0.2361111111111111 0.1388888888888889 0.19444444444444445
0.4270833333333333 0.3368055555555556 0.11458333333333333 0.12152777777777778
0.6354166666666666 0.2361111111111111 0.04861111111111111 0.0798611111111111
0.8055555555555556 0.11458333333333333 0.059027777777777776 0.020833333333333332
0.8645833333333334 0.07291666666666667 0.017361111111111112 0.04513888888888889
0.9236111111111112 0.024305555555555556 0.027777777777777776 0.024305555555555556
0.9652777777777778 0.010416666666666666 0.017361111111111112 0.006944444444444444
0.9826388888888888 0.0 0.010416666666666666 0.006944444444444444
0.8090277777777778 0.034722222222222224 0.059027777777777776 0.09722222222222222
0.3368055555555556 0.06597222222222222 0.2708333333333333 0.3263888888888889
MOTIF metacluster_0pattern_11
letter-probability matrix: alength= 4 w= 10 E= 0
0.42073170731707316 0.16463414634146342 0.21341463414634146 0.20121951219512196
0.3902439024390244 0.1951219512195122 0.06707317073170732 0.3475609756097561
0.8963414634146342 0.036585365853658534 0.06097560975609756 0.006097560975609756
0.0 0.0 0.0 1.0
0.0 0.9939024390243902 0.006097560975609756 0.0
0.006097560975609756 0.9939024390243902 0.0 0.0
0.3902439024390244 0.4695121951219512 0.0975609756097561 0.042682926829268296
0.012195121951219513 0.03048780487804878 0.006097560975609756 0.9512195121951219
0.054878048780487805 0.18292682926829268 0.16463414634146342 0.5975609756097561
0.20121951219512196 0.21951219512195122 0.2073170731707317 0.3719512195121951
MOTIF metacluster_0pattern_12
letter-probability matrix: alength= 4 w= 10 E= 0
0.4583333333333333 0.20833333333333334 0.175 0.15833333333333333
0.38333333333333336 0.21666666666666667 0.25 0.15
0.25833333333333336 0.45 0.21666666666666667 0.075
0.025 0.0 0.016666666666666666 0.9583333333333334
0.016666666666666666 0.9666666666666667 0.008333333333333333 0.008333333333333333
0.025 0.9666666666666667 0.0 0.008333333333333333
0.0 0.0 0.025 0.975
0.05 0.8666666666666667 0.058333333333333334 0.025
0.06666666666666667 0.8916666666666667 0.025 0.016666666666666666
0.35833333333333334 0.125 0.11666666666666667 0.4
MOTIF metacluster_0pattern_13
letter-probability matrix: alength= 4 w= 10 E= 0
0.3697478991596639 0.20168067226890757 0.16806722689075632 0.2605042016806723
0.25210084033613445 0.21008403361344538 0.2857142857142857 0.25210084033613445
0.2857142857142857 0.2857142857142857 0.14285714285714285 0.2857142857142857
0.3949579831932773 0.16806722689075632 0.16806722689075632 0.2689075630252101
0.008403361344537815 0.0 0.9915966386554622 0.0
0.0 0.01680672268907563 0.9831932773109243 0.0
0.9831932773109243 0.008403361344537815 0.0 0.008403361344537815
0.0 0.0 0.0 1.0
0.9747899159663865 0.01680672268907563 0.008403361344537815 0.0
0.7899159663865546 0.12605042016806722 0.01680672268907563 0.06722689075630252
MOTIF metacluster_0pattern_14
letter-probability matrix: alength= 4 w= 10 E= 0
0.5362318840579711 0.13043478260869565 0.10144927536231885 0.2318840579710145
0.4492753623188406 0.17391304347826086 0.08695652173913043 0.2898550724637681
0.5507246376811594 0.13043478260869565 0.10144927536231885 0.21739130434782608
0.2028985507246377 0.4927536231884058 0.21739130434782608 0.08695652173913043
0.028985507246376812 0.927536231884058 0.0 0.043478260869565216
0.014492753623188406 0.9855072463768116 0.0 0.0
0.014492753623188406 0.0 0.0 0.9855072463768116
0.0 0.014492753623188406 0.0 0.9855072463768116
0.043478260869565216 0.10144927536231885 0.21739130434782608 0.6376811594202898
0.2463768115942029 0.08695652173913043 0.2318840579710145 0.43478260869565216
MOTIF metacluster_0pattern_15
letter-probability matrix: alength= 4 w= 10 E= 0
0.3787878787878788 0.15151515151515152 0.3939393939393939 0.07575757575757576
0.696969696969697 0.12121212121212122 0.09090909090909091 0.09090909090909091
0.09090909090909091 0.8939393939393939 0.015151515151515152 0.0
0.0 0.0 0.0 1.0
0.030303030303030304 0.0 0.030303030303030304 0.9393939393939394
0.0 1.0 0.0 0.0
0.030303030303030304 0.015151515151515152 0.0 0.9545454545454546
0.015151515151515152 0.0 0.0 0.9848484848484849
0.10606060606060606 0.2727272727272727 0.25757575757575757 0.36363636363636365
0.42424242424242425 0.09090909090909091 0.3181818181818182 0.16666666666666666
MOTIF metacluster_0pattern_16
letter-probability matrix: alength= 4 w= 10 E= 0
0.6041666666666666 0.2708333333333333 0.041666666666666664 0.08333333333333333
0.3958333333333333 0.20833333333333334 0.08333333333333333 0.3125
0.6041666666666666 0.22916666666666666 0.0625 0.10416666666666667
1.0 0.0 0.0 0.0
0.9791666666666666 0.0 0.0 0.020833333333333332
0.3333333333333333 0.0 0.6666666666666666 0.0
0.9375 0.0 0.0 0.0625
0.8125 0.14583333333333334 0.020833333333333332 0.020833333333333332
0.8125 0.0 0.16666666666666666 0.020833333333333332
0.5833333333333334 0.1875 0.020833333333333332 0.20833333333333334
MOTIF metacluster_0pattern_17
letter-probability matrix: alength= 4 w= 10 E= 0
0.2 0.23333333333333334 0.06666666666666667 0.5
0.2 0.2 0.36666666666666664 0.23333333333333334
0.6333333333333333 0.26666666666666666 0.1 0.0
0.9333333333333333 0.0 0.03333333333333333 0.03333333333333333
0.0 0.0 0.9666666666666667 0.03333333333333333
0.0 0.0 1.0 0.0
0.03333333333333333 0.4 0.5666666666666667 0.0
0.0 0.06666666666666667 0.03333333333333333 0.9
0.0 1.0 0.0 0.0
0.5333333333333333 0.23333333333333334 0.06666666666666667 0.16666666666666666
MOTIF metacluster_1pattern_0
letter-probability matrix: alength= 4 w= 10 E= 0
0.15598885793871867 0.4181754874651811 0.12674094707520892 0.29909470752089135
0.11037604456824512 0.09784122562674094 0.36525069637883006 0.42653203342618384
0.015668523676880222 0.9425487465181058 0.009401114206128134 0.03238161559888579
0.21866295264623956 0.030292479108635098 0.16643454038997216 0.5846100278551533
0.0100974930362117 0.9637883008356546 0.01288300835654596 0.013231197771587743
0.13440111420612813 0.024721448467966575 0.13962395543175488 0.7012534818941504
0.05501392757660167 0.8586350974930362 0.04387186629526462 0.04247910863509749
0.15041782729805014 0.07172701949860724 0.21309192200557103 0.5647632311977716
0.16852367688022285 0.3969359331476323 0.1692200557103064 0.26532033426183843
0.21100278551532034 0.20055710306406685 0.24686629526462395 0.34157381615598886
MOTIF metacluster_1pattern_1
letter-probability matrix: alength= 4 w= 10 E= 0
0.3391969407265774 0.16711281070745698 0.13307839388145315 0.3606118546845124
0.5931166347992352 0.09904397705544933 0.13690248565965582 0.17093690248565965
0.1808795411089866 0.17323135755258126 0.15296367112810708 0.49292543021032503
0.00994263862332696 0.9724665391969407 0.0019120458891013384 0.015678776290630976
0.029063097514340344 0.0038240917782026767 0.9541108986615678 0.0130019120458891
0.6891013384321224 0.09636711281070745 0.11739961759082218 0.097131931166348
0.08068833652007648 0.04282982791586998 0.04091778202676864 0.8355640535372849
0.7812619502868069 0.050860420650095606 0.04703632887189293 0.12084130019120459
0.32237093690248564 0.17476099426386232 0.2959847036328872 0.2068833652007648
0.20191204588910133 0.35066921606118545 0.19005736137667303 0.25736137667304015
MOTIF metacluster_1pattern_2
letter-probability matrix: alength= 4 w= 10 E= 0
0.3153193389906208 0.22554711924966503 0.17463153193389908 0.2845020098258151
0.2635104957570344 0.4439481911567664 0.03305046895935686 0.2594908441268423
0.5145154086645825 0.05761500669941939 0.22376060741402412 0.2041089772219741
0.01205895489057615 0.9696292987941045 0.004912907548012505 0.013398838767306834
0.9066547565877624 0.018758374274229567 0.023671281822242072 0.05091558731576597
0.008932559178204555 0.9665029030817329 0.012952210808396605 0.011612326931665922
0.21304153640017864 0.0884323358642251 0.053595355069227336 0.6449307726663689
0.14828048235819563 0.15051362215274677 0.48637784725323807 0.21482804823581955
0.20455560518088434 0.2201875837427423 0.2219740955783832 0.3532827154979902
0.2233139794551139 0.2005359535506923 0.2554711924966503 0.32067887449754356
MOTIF metacluster_1pattern_3
letter-probability matrix: alength= 4 w= 10 E= 0
0.437410071942446 0.2251798561151079 0.19352517985611511 0.14388489208633093
0.5050359712230216 0.17985611510791366 0.1381294964028777 0.17697841726618704
0.06690647482014389 0.7661870503597122 0.08201438848920864 0.08489208633093526
0.8007194244604317 0.041726618705035974 0.06474820143884892 0.09280575539568345
0.015827338129496403 0.006474820143884892 0.9705035971223022 0.007194244604316547
0.022302158273381296 0.8654676258992806 0.04028776978417266 0.07194244604316546
0.03237410071942446 0.06546762589928058 0.013669064748201438 0.8884892086330936
0.02805755395683453 0.014388489208633094 0.9294964028776979 0.02805755395683453
0.21223021582733814 0.23669064748201438 0.220863309352518 0.3302158273381295
0.14244604316546763 0.20287769784172663 0.17985611510791366 0.4748201438848921
MOTIF metacluster_1pattern_4
letter-probability matrix: alength= 4 w= 10 E= 0
0.4624017957351291 0.2839506172839506 0.06509539842873176 0.18855218855218855
0.6868686868686869 0.05948372615039282 0.17059483726150393 0.08305274971941638
0.001122334455667789 0.9685746352413019 0.014590347923681257 0.015712682379349047
0.7833894500561167 0.06172839506172839 0.07744107744107744 0.07744107744107744
0.25813692480359146 0.10998877665544332 0.2356902356902357 0.3961840628507295
0.17732884399551066 0.07519640852974187 0.6487093153759821 0.09876543209876543
0.02244668911335578 0.03591470258136925 0.025813692480359147 0.9158249158249159
0.06958473625140292 0.008978675645342313 0.8866442199775533 0.03479236812570146
0.1627384960718294 0.2132435465768799 0.0819304152637486 0.5420875420875421
0.26038159371492703 0.07856341189674523 0.2570145903479237 0.40404040404040403
MOTIF metacluster_1pattern_5
letter-probability matrix: alength= 4 w= 10 E= 0
0.19035202086049544 0.24902216427640156 0.09778357235984354 0.46284224250325945
0.26727509778357234 0.17340286831812254 0.379400260756193 0.17992177314211213
0.41460234680573665 0.08083441981747067 0.26727509778357234 0.23728813559322035
0.00651890482398957 0.984354628422425 0.005215123859191656 0.003911342894393742
0.09126466753585398 0.009126466753585397 0.8670143415906127 0.03259452411994785
0.27249022164276404 0.19035202086049544 0.16297262059973924 0.3741851368970013
0.05867014341590613 0.8135593220338984 0.01694915254237288 0.11082138200782268
0.10039113428943937 0.035202086049543675 0.7926988265971316 0.07170795306388526
0.23598435462842243 0.455019556714472 0.11473272490221642 0.19426336375488917
0.19165580182529335 0.2607561929595828 0.1877444589308996 0.35984354628422427
MOTIF metacluster_1pattern_6
letter-probability matrix: alength= 4 w= 10 E= 0
0.23230974632843793 0.15620827770360482 0.48598130841121495 0.12550066755674233
0.01335113484646195 0.030707610146862484 0.9385847797062751 0.017356475300400534
0.012016021361815754 0.021361815754339118 0.009345794392523364 0.9572763684913218
0.08544726301735647 0.7596795727636849 0.07343124165554073 0.0814419225634179
0.8384512683578104 0.0267022696929239 0.04005340453938585 0.09479305740987984
0.014686248331108143 0.9479305740987984 0.018691588785046728 0.018691588785046728
0.636849132176235 0.09345794392523364 0.08544726301735647 0.1842456608811749
0.07610146862483311 0.7222963951935915 0.06942590120160214 0.1321762349799733
0.18958611481975968 0.13885180240320427 0.1375166889185581 0.5340453938584779
0.2576769025367156 0.15220293724966621 0.3471295060080107 0.24299065420560748
MOTIF metacluster_1pattern_7
letter-probability matrix: alength= 4 w= 10 E= 0
0.3157894736842105 0.20882852292020374 0.34465195246179964 0.1307300509337861
0.4601018675721562 0.13582342954159593 0.12903225806451613 0.27504244482173174
0.7640067911714771 0.04074702886247878 0.08149405772495756 0.11375212224108659
0.967741935483871 0.010186757215619695 0.0 0.022071307300509338
0.9303904923599321 0.03395585738539898 0.025466893039049237 0.010186757215619695
0.01867572156196944 0.9371816638370118 0.001697792869269949 0.042444821731748725
0.865874363327674 0.06281833616298811 0.042444821731748725 0.028862478777589132
0.7385398981324278 0.05602716468590832 0.09847198641765705 0.10696095076400679
0.5738539898132428 0.057724957555178265 0.19864176570458403 0.1697792869269949
0.2427843803056027 0.3157894736842105 0.13921901528013583 0.30220713073005095
MOTIF metacluster_1pattern_8
letter-probability matrix: alength= 4 w= 10 E= 0
0.21908127208480566 0.26325088339222613 0.2137809187279152 0.303886925795053
0.10070671378091872 0.09717314487632508 0.5371024734982333 0.26501766784452296
0.0176678445229682 0.8392226148409894 0.015901060070671377 0.127208480565371
0.0088339222614841 0.014134275618374558 0.9699646643109541 0.007067137809187279
0.0176678445229682 0.9222614840989399 0.0176678445229682 0.04240282685512368
0.0706713780918728 0.022968197879858657 0.17667844522968199 0.7296819787985865
0.0706713780918728 0.8091872791519434 0.03356890459363958 0.08657243816254417
0.13604240282685512 0.061837455830388695 0.07773851590106007 0.7243816254416962
0.19257950530035337 0.21554770318021202 0.2226148409893993 0.36925795053003535
0.18021201413427562 0.26855123674911663 0.13427561837455831 0.4169611307420495
MOTIF metacluster_1pattern_9
letter-probability matrix: alength= 4 w= 10 E= 0
0.33455882352941174 0.10477941176470588 0.3180147058823529 0.2426470588235294
0.5588235294117647 0.1213235294117647 0.13419117647058823 0.18566176470588236
0.6709558823529411 0.10294117647058823 0.11948529411764706 0.10661764705882353
0.8180147058823529 0.06433823529411764 0.01838235294117647 0.09926470588235294
0.8897058823529411 0.03125 0.05514705882352941 0.02389705882352941
0.18382352941176472 0.04044117647058824 0.012867647058823529 0.7628676470588235
0.9705882352941176 0.0 0.014705882352941176 0.014705882352941176
0.016544117647058824 0.9669117647058824 0.007352941176470588 0.009191176470588236
0.26838235294117646 0.42830882352941174 0.03125 0.27205882352941174
0.3805147058823529 0.11580882352941177 0.18933823529411764 0.31433823529411764
MOTIF metacluster_1pattern_10
letter-probability matrix: alength= 4 w= 10 E= 0
0.4198782961460446 0.16227180527383367 0.1744421906693712 0.2434077079107505
0.18255578093306288 0.24949290060851928 0.3002028397565923 0.26774847870182555
0.5050709939148073 0.1075050709939148 0.07302231237322515 0.3144016227180527
0.06288032454361055 0.016227180527383367 0.8803245436105477 0.04056795131845842
0.010141987829614604 0.9695740365111561 0.002028397565922921 0.018255578093306288
0.20081135902636918 0.02636916835699797 0.6288032454361054 0.1440162271805274
0.2129817444219067 0.460446247464503 0.11561866125760649 0.21095334685598377
0.30425963488843816 0.1947261663286004 0.1075050709939148 0.3935091277890467
0.20486815415821502 0.07505070993914807 0.5882352941176471 0.13184584178498987
0.11359026369168357 0.7383367139959433 0.07910750507099391 0.06896551724137931
MOTIF metacluster_1pattern_11
letter-probability matrix: alength= 4 w= 10 E= 0
0.23819301848049282 0.2813141683778234 0.19301848049281314 0.2874743326488706
0.23408624229979466 0.1457905544147844 0.1273100616016427 0.4928131416837782
0.24845995893223818 0.1601642710472279 0.34496919917864477 0.2464065708418891
0.5256673511293635 0.08624229979466119 0.23203285420944558 0.15605749486652978
0.006160164271047228 0.9835728952772074 0.004106776180698152 0.006160164271047228
0.022587268993839837 0.008213552361396304 0.9609856262833676 0.008213552361396304
0.10061601642710473 0.07392197125256673 0.08624229979466119 0.7392197125256673
0.09650924024640657 0.6919917864476386 0.08829568788501027 0.12320328542094455
0.8234086242299795 0.014373716632443531 0.06570841889117043 0.09650924024640657
0.030800821355236138 0.7802874743326489 0.13347022587268995 0.055441478439425054
MOTIF metacluster_1pattern_12
letter-probability matrix: alength= 4 w= 10 E= 0
0.38620689655172413 0.052873563218390804 0.14482758620689656 0.4160919540229885
0.4735632183908046 0.03218390804597701 0.05057471264367816 0.4436781609195402
0.825287356321839 0.011494252873563218 0.04367816091954023 0.11954022988505747
0.9425287356321839 0.009195402298850575 0.0 0.04827586206896552
0.8436781609195402 0.03218390804597701 0.05057471264367816 0.0735632183908046
0.1310344827586207 0.2482758620689655 0.020689655172413793 0.6
0.7333333333333333 0.02528735632183908 0.04367816091954023 0.19770114942528735
0.48735632183908045 0.24367816091954023 0.11954022988505747 0.14942528735632185
0.335632183908046 0.2206896551724138 0.12873563218390804 0.31494252873563217
0.27586206896551724 0.18850574712643678 0.12413793103448276 0.4114942528735632
MOTIF metacluster_1pattern_13
letter-probability matrix: alength= 4 w= 10 E= 0
0.2988235294117647 0.14823529411764705 0.30823529411764705 0.2447058823529412
0.19058823529411764 0.20705882352941177 0.20941176470588235 0.39294117647058824
0.2211764705882353 0.07764705882352942 0.13647058823529412 0.5647058823529412
0.2447058823529412 0.4894117647058824 0.04 0.22588235294117648
0.9176470588235294 0.021176470588235293 0.02588235294117647 0.03529411764705882
0.0 0.9929411764705882 0.0 0.007058823529411765
0.8494117647058823 0.03058823529411765 0.06823529411764706 0.05176470588235294
0.14352941176470588 0.05176470588235294 0.6423529411764706 0.1623529411764706
0.06823529411764706 0.06588235294117648 0.05411764705882353 0.8117647058823529
0.13411764705882354 0.10352941176470588 0.7058823529411765 0.05647058823529412
MOTIF metacluster_1pattern_14
letter-probability matrix: alength= 4 w= 10 E= 0
0.3645083932853717 0.11990407673860912 0.3261390887290168 0.18944844124700239
0.5899280575539568 0.10311750599520383 0.07913669064748201 0.2278177458033573
0.8321342925659473 0.02158273381294964 0.06474820143884892 0.0815347721822542
0.8105515587529976 0.11031175059952038 0.011990407673860911 0.0671462829736211
0.8273381294964028 0.05515587529976019 0.02877697841726619 0.08872901678657075
0.17985611510791366 0.38609112709832133 0.03836930455635491 0.39568345323741005
0.9448441247002398 0.023980815347721823 0.014388489208633094 0.016786570743405275
0.18225419664268586 0.10311750599520383 0.5779376498800959 0.1366906474820144
0.09592326139088729 0.7410071942446043 0.026378896882494004 0.1366906474820144
0.31894484412470026 0.12709832134292565 0.3669064748201439 0.18705035971223022
MOTIF metacluster_1pattern_15
letter-probability matrix: alength= 4 w= 10 E= 0
0.5181598062953995 0.11138014527845036 0.19612590799031476 0.17433414043583534
0.6150121065375302 0.10653753026634383 0.05569007263922518 0.22276029055690072
0.7796610169491526 0.048426150121065374 0.07506053268765134 0.09685230024213075
0.5811138014527845 0.048426150121065374 0.002421307506053269 0.36803874092009686
0.7530266343825666 0.031476997578692496 0.11138014527845036 0.10411622276029056
0.024213075060532687 0.9346246973365617 0.004842615012106538 0.03631961259079903
0.8886198547215496 0.014527845036319613 0.08232445520581114 0.014527845036319613
0.053268765133171914 0.5835351089588378 0.029055690072639227 0.3341404358353511
0.3220338983050847 0.2106537530266344 0.14769975786924938 0.3196125907990315
0.2179176755447942 0.2179176755447942 0.16464891041162227 0.39951573849878935
MOTIF metacluster_1pattern_16
letter-probability matrix: alength= 4 w= 10 E= 0
0.2518703241895262 0.3915211970074813 0.06483790523690773 0.29177057356608477
0.16458852867830423 0.06483790523690773 0.6059850374064838 0.16458852867830423
0.38902743142144636 0.2942643391521197 0.04987531172069826 0.26683291770573564
0.7980049875311721 0.02743142144638404 0.09975062344139651 0.07481296758104738
0.0 0.9975062344139651 0.0 0.0024937655860349127
0.032418952618453865 0.0024937655860349127 0.9600997506234414 0.004987531172069825
0.12967581047381546 0.09725685785536159 0.06234413965087282 0.7107231920199502
0.2593516209476309 0.38902743142144636 0.16957605985037408 0.18204488778054864
0.3915211970074813 0.18204488778054864 0.2169576059850374 0.20947630922693267
0.28428927680798005 0.29925187032418954 0.20199501246882792 0.2144638403990025
MOTIF metacluster_1pattern_17
letter-probability matrix: alength= 4 w= 10 E= 0
0.4083333333333333 0.14722222222222223 0.3055555555555556 0.1388888888888889
0.5611111111111111 0.10833333333333334 0.09166666666666666 0.2388888888888889
0.6 0.11944444444444445 0.11944444444444445 0.16111111111111112
0.9305555555555556 0.022222222222222223 0.002777777777777778 0.044444444444444446
0.8361111111111111 0.030555555555555555 0.12777777777777777 0.005555555555555556
0.04722222222222222 0.9027777777777778 0.002777777777777778 0.04722222222222222
0.9611111111111111 0.013888888888888888 0.008333333333333333 0.016666666666666666
0.7833333333333333 0.08333333333333333 0.07777777777777778 0.05555555555555555
0.05277777777777778 0.875 0.002777777777777778 0.06944444444444445
0.5944444444444444 0.14166666666666666 0.15555555555555556 0.10833333333333334
MOTIF metacluster_1pattern_18
letter-probability matrix: alength= 4 w= 10 E= 0
0.3654485049833887 0.1362126245847176 0.20930232558139536 0.28903654485049834
0.06312292358803986 0.3953488372093023 0.4883720930232558 0.053156146179401995
0.3787375415282392 0.15282392026578073 0.10963455149501661 0.3588039867109635
0.22591362126245848 0.12624584717607973 0.11960132890365449 0.5282392026578073
0.006644518272425249 0.9867109634551495 0.006644518272425249 0.0
0.04318936877076412 0.132890365448505 0.37209302325581395 0.45182724252491696
0.14950166112956811 0.3222591362126246 0.0664451827242525 0.46179401993355484
0.029900332225913623 0.6877076411960132 0.21262458471760798 0.06976744186046512
0.21926910299003322 0.12624584717607973 0.42524916943521596 0.2292358803986711
0.43521594684385384 0.2425249169435216 0.10299003322259136 0.21926910299003322
MOTIF metacluster_1pattern_19
letter-probability matrix: alength= 4 w= 10 E= 0
0.531986531986532 0.2222222222222222 0.10101010101010101 0.1447811447811448
0.1111111111111111 0.7542087542087542 0.05723905723905724 0.07744107744107744
0.5993265993265994 0.16835016835016836 0.12121212121212122 0.1111111111111111
0.6632996632996633 0.05723905723905724 0.06734006734006734 0.21212121212121213
0.020202020202020204 0.9259259259259259 0.020202020202020204 0.03367003367003367
0.013468013468013467 0.026936026936026935 0.006734006734006734 0.9528619528619529
0.06734006734006734 0.006734006734006734 0.9124579124579124 0.013468013468013467
0.10774410774410774 0.09427609427609428 0.40404040404040403 0.3939393939393939
0.050505050505050504 0.0707070707070707 0.026936026936026935 0.8518518518518519
0.31313131313131315 0.13131313131313133 0.1414141414141414 0.41414141414141414
MOTIF metacluster_1pattern_20
letter-probability matrix: alength= 4 w= 10 E= 0
0.5302491103202847 0.1601423487544484 0.13523131672597866 0.17437722419928825
0.17437722419928825 0.7295373665480427 0.03202846975088968 0.06405693950177936
0.7793594306049823 0.021352313167259787 0.05693950177935943 0.1423487544483986
0.0 0.0035587188612099642 0.99644128113879 0.0
0.0 0.9395017793594306 0.010676156583629894 0.0498220640569395
0.017793594306049824 0.0071174377224199285 0.0 0.9750889679715302
0.20640569395017794 0.17793594306049823 0.03558718861209965 0.5800711743772242
0.10676156583629894 0.03202846975088968 0.19217081850533807 0.6690391459074733
0.09608540925266904 0.19217081850533807 0.1423487544483986 0.5693950177935944
0.27402135231316727 0.16370106761565836 0.17793594306049823 0.38434163701067614
MOTIF metacluster_1pattern_21
letter-probability matrix: alength= 4 w= 10 E= 0
0.4424778761061947 0.084070796460177 0.3805309734513274 0.09292035398230089
0.09734513274336283 0.07964601769911504 0.035398230088495575 0.7876106194690266
0.911504424778761 0.01327433628318584 0.035398230088495575 0.03982300884955752
0.11504424778761062 0.6814159292035398 0.004424778761061947 0.19911504424778761
0.7123893805309734 0.017699115044247787 0.23893805309734514 0.030973451327433628
0.07079646017699115 0.08849557522123894 0.004424778761061947 0.8362831858407079
0.9690265486725663 0.004424778761061947 0.01327433628318584 0.01327433628318584
0.035398230088495575 0.8628318584070797 0.02654867256637168 0.0752212389380531
0.5309734513274337 0.168141592920354 0.1592920353982301 0.1415929203539823
0.17256637168141592 0.08849557522123894 0.13274336283185842 0.6061946902654868
MOTIF metacluster_1pattern_22
letter-probability matrix: alength= 4 w= 10 E= 0
0.7050691244239631 0.059907834101382486 0.15668202764976957 0.07834101382488479
0.004608294930875576 0.9539170506912442 0.018433179723502304 0.02304147465437788
0.24423963133640553 0.18433179723502305 0.027649769585253458 0.543778801843318
0.12903225806451613 0.0 0.847926267281106 0.02304147465437788
0.08294930875576037 0.04608294930875576 0.8064516129032258 0.06451612903225806
0.018433179723502304 0.018433179723502304 0.004608294930875576 0.9585253456221198
0.37327188940092165 0.055299539170506916 0.3686635944700461 0.20276497695852536
0.12903225806451613 0.1336405529953917 0.12442396313364056 0.6129032258064516
0.1336405529953917 0.12903225806451613 0.1889400921658986 0.5483870967741935
0.24423963133640553 0.19815668202764977 0.2119815668202765 0.3456221198156682
MOTIF metacluster_1pattern_23
letter-probability matrix: alength= 4 w= 10 E= 0
0.33816425120772947 0.13526570048309178 0.28019323671497587 0.2463768115942029
0.14492753623188406 0.11594202898550725 0.5845410628019324 0.15458937198067632
0.15942028985507245 0.30917874396135264 0.14009661835748793 0.391304347826087
0.1111111111111111 0.7971014492753623 0.01932367149758454 0.07246376811594203
0.7632850241545893 0.03864734299516908 0.05314009661835749 0.14492753623188406
0.10144927536231885 0.0966183574879227 0.45410628019323673 0.34782608695652173
0.966183574879227 0.004830917874396135 0.00966183574879227 0.01932367149758454
0.004830917874396135 0.9806763285024155 0.00966183574879227 0.004830917874396135
0.028985507246376812 0.23671497584541062 0.04830917874396135 0.6859903381642513
0.10144927536231885 0.033816425120772944 0.8357487922705314 0.028985507246376812
MOTIF metacluster_2pattern_0
letter-probability matrix: alength= 4 w= 10 E= 0
0.2931909212283044 0.26408544726301736 0.2136181575433912 0.22910547396528705
0.30814419225634176 0.14499332443257676 0.2459279038718291 0.30093457943925234
0.1473965287049399 0.32229639519359143 0.18184245660881174 0.3484646194926569
0.33991989319092125 0.13137516688918557 0.3615487316421896 0.1671562082777036
0.027236315086782377 0.08437917222963952 0.08117489986648865 0.8072096128170895
0.001068090787716956 0.9797062750333778 0.014686248331108143 0.0045393858477970625
0.06755674232309747 0.8843791722296395 0.008811748998664886 0.03925233644859813
0.07209612817089453 0.03124165554072096 0.030707610146862484 0.865954606141522
0.06862483311081442 0.15647530040053403 0.29345794392523367 0.4814419225634179
0.12176234979973298 0.25260347129506006 0.31962616822429907 0.3060080106809079
MOTIF metacluster_2pattern_1
letter-probability matrix: alength= 4 w= 10 E= 0
0.22512234910277323 0.3262642740619902 0.29526916802610115 0.1533442088091354
0.3637846655791191 0.18433931484502447 0.22838499184339314 0.2234910277324633
0.2528548123980424 0.15497553017944535 0.18433931484502447 0.4078303425774878
0.026101141924959218 0.0016313213703099511 0.9608482871125612 0.011419249592169658
0.0 0.013050570962479609 0.9853181076672104 0.0016313213703099511
0.4061990212071778 0.4094616639477977 0.11092985318107668 0.0734094616639478
0.024469820554649267 0.9624796084828712 0.004893964110929853 0.008156606851549755
0.8743882544861338 0.03099510603588907 0.04730831973898858 0.04730831973898858
0.27895595432300163 0.0929853181076672 0.1468189233278956 0.4812398042414356
0.17944535073409462 0.15823817292006526 0.40456769983686786 0.25774877650897227
MOTIF metacluster_2pattern_2
letter-probability matrix: alength= 4 w= 10 E= 0
0.21987951807228914 0.3795180722891566 0.19578313253012047 0.20481927710843373
0.5240963855421686 0.22289156626506024 0.14457831325301204 0.10843373493975904
0.6746987951807228 0.14457831325301204 0.030120481927710843 0.15060240963855423
0.25301204819277107 0.04819277108433735 0.030120481927710843 0.6686746987951807
0.0 0.0 1.0 0.0
0.5662650602409639 0.21084337349397592 0.18072289156626506 0.04216867469879518
0.0030120481927710845 0.9849397590361446 0.006024096385542169 0.006024096385542169
0.891566265060241 0.02710843373493976 0.015060240963855422 0.06626506024096386
0.286144578313253 0.18674698795180722 0.18373493975903615 0.3433734939759036
0.18373493975903615 0.19578313253012047 0.21987951807228914 0.4006024096385542
MOTIF metacluster_2pattern_3
letter-probability matrix: alength= 4 w= 10 E= 0
0.1581196581196581 0.15384615384615385 0.038461538461538464 0.6495726495726496
0.1581196581196581 0.08547008547008547 0.01282051282051282 0.7435897435897436
0.05555555555555555 0.021367521367521368 0.008547008547008548 0.9145299145299145
0.004273504273504274 0.038461538461538464 0.021367521367521368 0.9358974358974359
0.021367521367521368 0.04700854700854701 0.008547008547008548 0.9230769230769231
0.04700854700854701 0.02564102564102564 0.038461538461538464 0.8888888888888888
0.017094017094017096 0.038461538461538464 0.017094017094017096 0.9273504273504274
0.017094017094017096 0.029914529914529916 0.04700854700854701 0.905982905982906
0.01282051282051282 0.038461538461538464 0.06837606837606838 0.8803418803418803
0.042735042735042736 0.029914529914529916 0.1282051282051282 0.7991452991452992
MOTIF metacluster_2pattern_4
letter-probability matrix: alength= 4 w= 10 E= 0
0.8691099476439791 0.031413612565445025 0.041884816753926704 0.05759162303664921
0.5445026178010471 0.1256544502617801 0.041884816753926704 0.2879581151832461
0.06806282722513089 0.06806282722513089 0.020942408376963352 0.8429319371727748
0.07329842931937172 0.1256544502617801 0.09947643979057591 0.7015706806282722
0.08900523560209424 0.07853403141361257 0.07329842931937172 0.7591623036649214
0.14659685863874344 0.1256544502617801 0.31413612565445026 0.41361256544502617
0.2198952879581152 0.225130890052356 0.23036649214659685 0.32460732984293195
0.20418848167539266 0.28272251308900526 0.29842931937172773 0.21465968586387435
0.31413612565445026 0.16753926701570682 0.31413612565445026 0.20418848167539266
0.3089005235602094 0.3089005235602094 0.1518324607329843 0.23036649214659685
MOTIF metacluster_2pattern_5
letter-probability matrix: alength= 4 w= 10 E= 0
0.22289156626506024 0.14457831325301204 0.46987951807228917 0.16265060240963855
0.26506024096385544 0.1927710843373494 0.40963855421686746 0.13253012048192772
0.40963855421686746 0.18674698795180722 0.18674698795180722 0.21686746987951808
0.5783132530120482 0.09036144578313253 0.20481927710843373 0.12650602409638553
0.6325301204819277 0.12048192771084337 0.15060240963855423 0.0963855421686747
0.6506024096385542 0.03614457831325301 0.1746987951807229 0.13855421686746988
0.10240963855421686 0.024096385542168676 0.12650602409638553 0.7469879518072289
0.0 0.0 0.9939759036144579 0.006024096385542169
0.0 0.012048192771084338 0.9879518072289156 0.0
0.1927710843373494 0.26506024096385544 0.5 0.04216867469879518
MOTIF metacluster_2pattern_6
letter-probability matrix: alength= 4 w= 10 E= 0
0.532051282051282 0.28205128205128205 0.10897435897435898 0.07692307692307693
0.4551282051282051 0.22435897435897437 0.07051282051282051 0.25
